1,1,299,201,26,59,1,-1,-1,-1
1,2,119,201,26,59,1,-1,-1,-1
2,1,298.998,197.185,28.2201,64.0386,1,-1,-1,-1
2,2,120.903,197.185,28.2201,64.0386,1,-1,-1,-1
2,3,219,197,26,59,1,-1,-1,-1
2,4,345,197,33.548,76.129,1,-1,-1,-1
3,1,297.24,191.516,30.6617,69.5788,1,-1,-1,-1
3,5,417,206,28.326,64.279,1,-1,-1,-1
4,1,296.771,190.113,31.2356,70.881,1,-1,-1,-1
5,1,296.677,189.87,31.329,71.0929,1,-1,-1,-1
6,1,296.695,186.766,31.2855,70.9943,1,-1,-1,-1
7,1,291.307,182.376,32.8373,74.5158,1,-1,-1,-1
8,7,204.193,202.482,26,59,1,-1,-1,-1
9,7,198.973,203.016,26,59,1,-1,-1,-1
10,7,191.98,200.326,26,59,1,-1,-1,-1
11,7,184.213,198.703,26,59,1,-1,-1,-1
11,9,109.656,203.02,27.1425,61.5932,1,-1,-1,-1
12,1,259.45,179.931,38.6559,87.719,1,-1,-1,-1
12,5,399.77,181.687,43.6866,99.135,1,-1,-1,-1
12,7,176.087,197.722,26,59,1,-1,-1,-1
13,1,249.954,173.683,42.3126,96.017,1,-1,-1,-1
13,5,395.399,181.868,44.6498,101.321,1,-1,-1,-1
13,7,167.823,194.847,26,59,1,-1,-1,-1
14,1,245.523,176.588,40.133,91.0706,1,-1,-1,-1
14,5,397.747,178.705,44.8861,101.857,1,-1,-1,-1
14,7,166.49,193.264,26,59,1,-1,-1,-1
15,1,242.48,177.654,40.3154,91.4846,1,-1,-1,-1
15,5,403.3,180.498,44.7734,101.601,1,-1,-1,-1
15,7,164.537,194.855,26,59,1,-1,-1,-1
15,9,96.4275,180.703,38.7776,87.9952,1,-1,-1,-1
16,5,414.918,181.766,44.538,101.067,1,-1,-1,-1
16,7,164.219,195.967,26,59,1,-1,-1,-1
16,9,99.2065,181.987,40.3253,91.5074,1,-1,-1,-1
17,5,422.618,179.636,46.6562,105.874,1,-1,-1,-1
17,9,97.6767,179.68,40.8937,92.7972,1,-1,-1,-1
18,5,430.417,183.064,47.7727,108.407,1,-1,-1,-1
18,9,99.1723,183.117,39.154,88.8489,1,-1,-1,-1
18,13,128.556,184.277,39.1112,88.7516,1,-1,-1,-1
19,1,235.946,190.018,38.0882,86.4307,1,-1,-1,-1
19,9,101.358,184.253,39.7588,90.2214,1,-1,-1,-1
19,13,128.283,181.324,39.8015,90.3184,1,-1,-1,-1
20,1,232.566,187.174,39.4495,89.5199,1,-1,-1,-1
20,9,107.807,186.005,38.2267,86.7444,1,-1,-1,-1
20,13,137.366,200.798,31.8639,72.3062,1,-1,-1,-1
21,1,231.033,185.543,40.1219,91.0456,1,-1,-1,-1
21,9,109.657,182.333,39.14,88.8171,1,-1,-1,-1
21,13,136.593,190.288,35.9441,81.5652,1,-1,-1,-1
21,14,424.095,184.649,39.7014,90.0914,1,-1,-1,-1
22,9,113.775,180.107,39.6952,90.0771,1,-1,-1,-1
22,14,432.794,184.371,39.4626,89.5495,1,-1,-1,-1
23,9,120.373,183.532,38.1543,86.5802,1,-1,-1,-1
23,14,440.762,184.372,39.4634,89.5514,1,-1,-1,-1
24,9,127.175,185.711,37.1998,84.4142,1,-1,-1,-1
24,14,444.691,183.192,41.9517,95.1979,1,-1,-1,-1
25,9,133.296,185.707,38.605,87.6029,1,-1,-1,-1
25,14,456.007,187.994,41.0297,93.1058,1,-1,-1,-1
26,9,142.968,185.578,39.4691,89.5638,1,-1,-1,-1
26,14,463.264,185.545,42.6945,96.8837,1,-1,-1,-1
27,9,151.143,189.458,39.9366,90.6249,1,-1,-1,-1
27,14,470.329,188.074,43.6093,98.9595,1,-1,-1,-1
28,9,154.768,191.619,40.1452,91.0982,1,-1,-1,-1
28,14,480.762,185.493,44.0391,99.9349,1,-1,-1,-1
29,9,159.198,192.609,40.2031,91.2298,1,-1,-1,-1
29,14,489.67,183.894,44.1814,100.258,1,-1,-1,-1
30,9,161.902,189.262,44.8997,101.887,1,-1,-1,-1
30,14,490.574,191.64,42.006,95.3214,1,-1,-1,-1
31,9,166.766,185.598,45.0269,102.176,1,-1,-1,-1
31,14,493.246,189.2,45.307,102.812,1,-1,-1,-1
32,9,168.864,187.562,44.8423,101.757,1,-1,-1,-1
32,14,502.621,182.971,47.1573,107.011,1,-1,-1,-1
32,16,211.245,170.443,59.4295,134.86,1,-1,-1,-1
33,9,172.835,184.843,44.5627,101.123,1,-1,-1,-1
33,16,207.68,164.884,61.9639,140.61,1,-1,-1,-1
34,9,175.69,185.029,46.6545,105.87,1,-1,-1,-1
34,16,200.123,169.019,62.9177,142.774,1,-1,-1,-1
35,9,176.768,185.34,47.7619,108.383,1,-1,-1,-1
35,16,196.739,165.531,63.1726,143.352,1,-1,-1,-1
36,16,195.575,163.803,63.1016,143.191,1,-1,-1,-1
37,16,194.967,165.407,66.3071,150.465,1,-1,-1,-1
38,16,208.392,189.508,55.2474,125.369,1,-1,-1,-1
39,16,222.309,181.228,52.0183,118.041,1,-1,-1,-1
41,9,178.74,152.455,78.6918,178.57,1,-1,-1,-1
44,22,300.737,162.217,53.0604,120.408,1,-1,-1,-1
45,9,172.969,150.858,83.2699,188.959,1,-1,-1,-1
46,9,162.719,139.945,90.7407,205.914,1,-1,-1,-1
46,24,286.442,182.555,55.538,126.03,1,-1,-1,-1
46,25,268.388,200.066,29.3441,66.5889,1,-1,-1,-1
47,9,147.789,123,100.069,227.081,1,-1,-1,-1
47,24,299.758,190.871,53.1883,120.698,1,-1,-1,-1
47,25,283.877,199.788,27.3057,61.9631,1,-1,-1,-1
48,9,141.119,125.163,99.2007,225.112,1,-1,-1,-1
48,24,299.718,181.87,58.8512,133.548,1,-1,-1,-1
49,24,310.304,177.16,61.5053,139.57,1,-1,-1,-1
50,24,314.574,171.111,66.1539,150.118,1,-1,-1,-1
51,24,322.302,168.084,68.3696,155.146,1,-1,-1,-1
51,25,310.072,206.993,26.9779,61.2194,1,-1,-1,-1
52,24,329.177,162.755,72.8375,165.284,1,-1,-1,-1
52,25,314.348,203.568,29.1414,66.1288,1,-1,-1,-1
52,28,286.5,210.246,25.4063,57.6528,1,-1,-1,-1
53,24,339.05,163.623,63.1471,143.295,1,-1,-1,-1
53,25,315.082,206.597,27.6017,62.6348,1,-1,-1,-1
53,28,284.487,207.847,27.1827,61.6841,1,-1,-1,-1
54,24,344.062,165.642,56.2866,127.727,1,-1,-1,-1
54,25,314.557,203.765,26.5949,60.35,1,-1,-1,-1
54,28,281.425,206.031,26.548,60.2438,1,-1,-1,-1
55,24,345.897,158.261,52.2225,118.505,1,-1,-1,-1
55,28,274.97,205.132,26.1944,59.4412,1,-1,-1,-1
56,24,345.921,154.18,50.3628,114.285,1,-1,-1,-1
56,28,266.869,200.044,26.0105,59.0239,1,-1,-1,-1
57,24,339.501,147.792,60.0302,136.222,1,-1,-1,-1
58,24,335.683,145.446,65.3035,148.188,1,-1,-1,-1
58,32,286.963,202.269,26.6185,60.4039,1,-1,-1,-1
59,24,337.599,140.22,71.6393,162.565,1,-1,-1,-1
59,32,288.556,202.871,25.9244,58.8288,1,-1,-1,-1
60,24,340.126,136.765,78.0209,177.047,1,-1,-1,-1
60,32,289.506,200.188,27.2102,61.7468,1,-1,-1,-1
60,34,98.6103,206.508,27.8541,63.2076,1,-1,-1,-1
61,24,344.826,130.812,95.4328,216.559,1,-1,-1,-1
61,32,292.559,203.445,26.4845,60.0997,1,-1,-1,-1
61,34,101.493,210.294,26.8784,60.9934,1,-1,-1,-1
62,24,354.825,147.601,98.2204,222.886,1,-1,-1,-1
62,32,296.617,202.729,26.0904,59.2054,1,-1,-1,-1
62,34,102.753,203.73,29.5292,67.0086,1,-1,-1,-1
62,35,159.002,205.415,27.5106,62.4281,1,-1,-1,-1
62,37,136.325,210.325,26,59,1,-1,-1,-1
63,24,359.549,134.562,108.696,246.656,1,-1,-1,-1
63,32,298.769,199.739,27.2855,61.9175,1,-1,-1,-1
63,34,103.316,204.187,29.2281,66.3256,1,-1,-1,-1
63,35,159.813,205.128,28.2217,64.0419,1,-1,-1,-1
63,37,138.207,212.207,26,59,1,-1,-1,-1
64,24,364.429,112.855,121.393,275.466,1,-1,-1,-1
64,32,299.726,200.251,26.6441,60.4619,1,-1,-1,-1
64,34,103.463,206.408,27.6269,62.6921,1,-1,-1,-1
64,37,136.455,213.013,26,59,1,-1,-1,-1
65,24,377.587,101.105,127.195,288.63,1,-1,-1,-1
65,32,296.477,197.071,29.1155,66.07,1,-1,-1,-1
65,34,98.8056,206.141,27.9552,63.4372,1,-1,-1,-1
65,36,478.115,77.2802,127.461,289.232,1,-1,-1,-1
65,37,133.099,210.911,26,59,1,-1,-1,-1
66,24,400.261,89.3306,121.835,276.468,1,-1,-1,-1
66,32,295.577,198.838,28.9984,65.8044,1,-1,-1,-1
66,34,92.5879,205.384,29.6599,67.3055,1,-1,-1,-1
66,37,126.631,212.046,26,59,1,-1,-1,-1
67,24,421.884,84.1409,117.511,266.655,1,-1,-1,-1
67,32,295.079,200.027,28.8118,65.381,1,-1,-1,-1
67,34,86.2806,197.91,34.1665,77.5316,1,-1,-1,-1
67,37,123.212,212.707,26,59,1,-1,-1,-1
67,39,238.122,209.334,26,59,1,-1,-1,-1
68,32,293.691,197.247,30.1017,68.308,1,-1,-1,-1
68,34,84.3889,196.246,34.578,78.4656,1,-1,-1,-1
68,37,122.875,208.966,27.3702,62.1095,1,-1,-1,-1
69,32,294.117,199.075,29.3471,66.5959,1,-1,-1,-1
69,34,86.6261,199.9,30.5495,69.3239,1,-1,-1,-1
69,37,123.177,209.12,28.1221,63.816,1,-1,-1,-1
70,32,293.323,205.448,30.2734,68.6977,1,-1,-1,-1
70,34,82.7825,206.754,32.0877,72.8148,1,-1,-1,-1
70,37,122.51,218.009,27.1616,61.6362,1,-1,-1,-1
71,32,290.036,211.395,30.7729,69.8312,1,-1,-1,-1
71,34,77.9153,213.639,33.0145,74.9179,1,-1,-1,-1
71,37,115.975,222.051,27.8519,63.2029,1,-1,-1,-1
72,32,288.232,209.238,30.9964,70.3382,1,-1,-1,-1
72,34,73.1413,209.684,35.4067,80.3459,1,-1,-1,-1
72,37,112.967,216.406,29.7232,67.4491,1,-1,-1,-1
73,37,116.927,206.969,30.7066,69.6807,1,-1,-1,-1
74,37,116.753,209.662,31.1407,70.6656,1,-1,-1,-1
75,37,114.419,209.377,31.2622,70.9414,1,-1,-1,-1
76,37,113.142,200.713,31.2287,70.8652,1,-1,-1,-1
76,46,296.955,183.638,30.7122,69.6931,1,-1,-1,-1
76,48,70.679,188.346,37.1406,84.28,1,-1,-1,-1
77,37,113.666,206.143,28.4637,64.5908,1,-1,-1,-1
77,46,294.147,182.533,32.664,74.1225,1,-1,-1,-1
77,48,66.0999,187.973,39.549,89.7452,1,-1,-1,-1
78,37,107.253,208.175,29.5346,67.0208,1,-1,-1,-1
78,46,295.513,191.656,31.7755,72.1061,1,-1,-1,-1
78,48,65.0638,192.303,38.442,87.233,1,-1,-1,-1
79,37,103.072,207.62,31.8642,72.3075,1,-1,-1,-1
79,46,293.885,191.83,32.9003,74.6587,1,-1,-1,-1
79,48,61.3124,203.347,35.8549,81.3629,1,-1,-1,-1
80,37,95.3332,204.427,33.1405,75.2039,1,-1,-1,-1
80,46,293.045,193.682,31.9076,72.4061,1,-1,-1,-1
80,48,54.347,196.392,40.5678,92.0576,1,-1,-1,-1
81,37,87.9226,205.49,33.7472,76.5808,1,-1,-1,-1
81,46,289.782,195.88,32.8511,74.5471,1,-1,-1,-1
81,48,48.7292,197.064,40.7804,92.54,1,-1,-1,-1
82,37,76.3022,207.97,35.8354,81.3188,1,-1,-1,-1
82,46,288.052,199.934,33.3805,75.7487,1,-1,-1,-1
82,47,382.664,180.58,51.4417,116.733,1,-1,-1,-1
82,48,44.4762,196.95,42.9494,97.4619,1,-1,-1,-1
83,46,290.205,202.07,33.6354,76.3271,1,-1,-1,-1
83,47,385.03,184.096,52.1402,118.318,1,-1,-1,-1
83,48,42.8067,196.951,44.0147,99.8795,1,-1,-1,-1
83,54,455.276,227.443,28.326,64.279,1,-1,-1,-1
84,46,291.669,204.65,32.1989,73.0672,1,-1,-1,-1
84,47,391.7,185.762,52.4016,118.911,1,-1,-1,-1
84,54,457.227,226.819,30.1145,68.3374,1,-1,-1,-1
84,56,127.811,212.484,33.7236,76.5274,1,-1,-1,-1
85,46,294.883,202.943,31.2948,71.0156,1,-1,-1,-1
85,47,400.45,181.662,52.4279,118.971,1,-1,-1,-1
85,54,458.229,222.972,30.8503,70.0069,1,-1,-1,-1
86,37,55.1941,198.581,44.1973,100.294,1,-1,-1,-1
86,46,300.132,199.86,32.4037,73.532,1,-1,-1,-1
86,47,400.636,178.978,52.3513,118.797,1,-1,-1,-1
86,54,461.176,217.766,31.1359,70.6549,1,-1,-1,-1
86,58,85.1047,204.984,38.7967,88.0384,1,-1,-1,-1
87,37,54.2775,194.378,47.056,106.781,1,-1,-1,-1
87,46,303.489,195.604,35.0176,79.4631,1,-1,-1,-1
87,47,404.804,177.442,52.2471,118.561,1,-1,-1,-1
87,54,459.782,213.744,32.7975,74.4255,1,-1,-1,-1
88,37,54.4824,188.331,48.3793,109.784,1,-1,-1,-1
88,46,302.703,188.66,38.3381,86.9979,1,-1,-1,-1
88,54,455.96,211.749,33.614,76.2784,1,-1,-1,-1
88,56,134.907,204.914,35.3108,80.1284,1,-1,-1,-1
89,37,53.3593,180.104,51.2019,116.189,1,-1,-1,-1
89,46,301.86,185.08,39.9913,90.7493,1,-1,-1,-1
89,54,450.862,210.965,33.9389,77.016,1,-1,-1,-1
90,37,48.4106,180.687,52.5066,119.15,1,-1,-1,-1
90,46,304.602,187.623,40.6703,92.2902,1,-1,-1,-1
90,54,450.434,209.676,35.8702,81.398,1,-1,-1,-1
91,37,45.8345,181.827,52.9443,120.143,1,-1,-1,-1
91,46,306.046,189.596,40.8176,92.6244,1,-1,-1,-1
91,54,447.123,209.236,36.8367,83.5908,1,-1,-1,-1
92,37,44.7816,182.958,52.9361,120.124,1,-1,-1,-1
92,46,306.645,190.921,40.7132,92.3875,1,-1,-1,-1
92,54,444.256,217.115,33.9712,77.0884,1,-1,-1,-1
93,37,44.5868,183.852,52.7419,119.684,1,-1,-1,-1
93,46,310.234,191.701,40.5235,91.9569,1,-1,-1,-1
93,54,440.717,213.839,35.4734,80.4969,1,-1,-1,-1
93,62,390.817,166.565,60.2191,136.65,1,-1,-1,-1
94,46,312.111,192.091,40.336,91.5315,1,-1,-1,-1
94,54,442.556,208.222,36.3537,82.4943,1,-1,-1,-1
94,62,396.779,171.487,59.2044,134.349,1,-1,-1,-1
95,46,316.847,188.589,36.6158,83.0898,1,-1,-1,-1
95,54,441.714,204.957,38.7029,87.8251,1,-1,-1,-1
95,62,398.345,166.351,61.8464,140.344,1,-1,-1,-1
96,46,318.743,186.077,38.0798,86.4118,1,-1,-1,-1
96,54,441.952,207.91,36.317,82.4114,1,-1,-1,-1
97,46,317.616,183.551,41.3985,93.9428,1,-1,-1,-1
97,54,435.932,210.05,34.6941,78.7291,1,-1,-1,-1
98,46,311.981,175.44,45.6327,103.551,1,-1,-1,-1
98,54,429.707,211.382,33.7491,76.5848,1,-1,-1,-1
99,46,308.642,171.244,47.7621,108.383,1,-1,-1,-1
99,54,426.529,212.08,33.3007,75.5674,1,-1,-1,-1
99,62,375.48,157.538,68.2416,154.855,1,-1,-1,-1
100,62,367.385,162.663,68.8588,156.256,1,-1,-1,-1
101,62,363.484,160.135,68.949,156.461,1,-1,-1,-1
116,74,140.909,205.989,47.57,107.948,1,-1,-1,-1
117,74,151.574,219.449,41.1959,93.4834,1,-1,-1,-1
118,76,193.889,172.348,93.6897,212.603,1,-1,-1,-1
119,76,190.96,191.06,86.3744,196.004,1,-1,-1,-1
119,77,51.3058,229.409,45.0035,102.123,1,-1,-1,-1
120,77,46.4913,231.727,43.9793,99.7989,1,-1,-1,-1
121,77,41.2672,232.462,47.1471,106.988,1,-1,-1,-1
126,80,234.862,175.964,57.0993,129.574,1,-1,-1,-1
127,80,235.574,174.526,60.8326,138.045,1,-1,-1,-1
127,81,373.107,176.578,52.7359,119.67,1,-1,-1,-1
128,80,242.324,173.989,62.3439,141.473,1,-1,-1,-1
128,81,372.733,176.286,53.1268,120.557,1,-1,-1,-1
129,80,247.342,165.73,70.3815,159.712,1,-1,-1,-1
130,80,249.85,161.765,74.1402,168.241,1,-1,-1,-1
131,80,243.794,160.018,75.6882,171.753,1,-1,-1,-1
132,80,239.876,166.43,76.0528,172.58,1,-1,-1,-1
132,84,493.367,147.876,114.979,260.908,1,-1,-1,-1
134,87,142.709,177.937,88.7627,201.427,1,-1,-1,-1
135,87,143.037,170.189,86.4108,196.09,1,-1,-1,-1
136,80,250.585,158.373,66.9638,151.955,1,-1,-1,-1
136,87,151.232,155.315,97.1565,220.473,1,-1,-1,-1
137,80,250.167,157.442,67.1829,152.453,1,-1,-1,-1
137,85,312.885,189.595,48.4009,109.833,1,-1,-1,-1
137,87,155.437,157.912,102.229,231.983,1,-1,-1,-1
138,80,249.749,162.955,67.4534,153.066,1,-1,-1,-1
138,85,318.173,201.535,44.0051,99.8576,1,-1,-1,-1
138,87,157.313,159.817,104.569,237.292,1,-1,-1,-1
139,80,249.376,162.17,71.3911,162.002,1,-1,-1,-1
139,87,167.143,161.056,105.425,239.234,1,-1,-1,-1
140,87,171.589,169.654,100.218,227.42,1,-1,-1,-1
141,87,172.161,153.121,107.014,242.84,1,-1,-1,-1
143,92,32.3089,271.334,26.8508,60.9308,1,-1,-1,-1
144,92,31.7937,266.451,29.3017,66.4925,1,-1,-1,-1
145,95,79.7054,191.273,42.4752,96.3855,1,-1,-1,-1
146,95,73.4272,194.78,41.4471,94.0526,1,-1,-1,-1
147,95,67.0996,196.568,40.8386,92.6718,1,-1,-1,-1
150,92,7.11741,276.554,35.5362,80.6397,1,-1,-1,-1
153,98,265.033,146.783,85.9362,195.01,1,-1,-1,-1
154,98,264.08,146.051,87.9569,199.596,1,-1,-1,-1
155,98,263.567,146.111,88.469,200.758,1,-1,-1,-1
156,91,157.935,180.209,71.1998,161.568,1,-1,-1,-1
156,98,263.268,146.449,88.371,200.536,1,-1,-1,-1
157,91,158.427,168.922,73.2449,166.208,1,-1,-1,-1
157,98,268.963,138.041,92.6641,210.279,1,-1,-1,-1
158,91,158.287,163.18,77.7564,176.446,1,-1,-1,-1
158,98,272.167,133.605,94.7681,215.054,1,-1,-1,-1
159,91,165.09,152.999,79.9866,181.508,1,-1,-1,-1
159,98,281.794,131.629,95.5962,216.934,1,-1,-1,-1
160,91,168.713,155.572,80.8994,183.58,1,-1,-1,-1
160,98,285.162,120.04,101.241,229.742,1,-1,-1,-1
161,91,170.865,157.93,84.9823,192.845,1,-1,-1,-1
161,98,288.07,124.879,98.7383,224.064,1,-1,-1,-1
162,91,172.172,159.744,91.6092,207.885,1,-1,-1,-1
162,98,296.608,126.886,102.259,232.053,1,-1,-1,-1
163,91,179.448,168.544,90.3995,205.14,1,-1,-1,-1
163,98,310.176,137.666,104.064,236.147,1,-1,-1,-1
164,91,184.419,166.105,93.6428,212.5,1,-1,-1,-1
164,98,321.707,139.846,109.471,248.414,1,-1,-1,-1
165,91,188.351,154.938,100.702,228.519,1,-1,-1,-1
165,98,337.491,140.687,112.189,254.581,1,-1,-1,-1
166,91,208.515,157.816,104.203,236.463,1,-1,-1,-1
166,98,364.742,140.717,113.28,257.055,1,-1,-1,-1
167,91,219.397,159.928,105.604,239.642,1,-1,-1,-1
167,98,378.551,140.378,113.478,257.504,1,-1,-1,-1
168,91,244.352,157.786,110.487,250.72,1,-1,-1,-1
168,98,398.832,127.692,121.181,274.984,1,-1,-1,-1
169,91,255.312,169.191,108.268,245.684,1,-1,-1,-1
169,98,419.677,120.523,125.171,284.037,1,-1,-1,-1
170,98,451.515,117.024,126.89,287.937,1,-1,-1,-1
171,98,477.881,115.753,127.331,288.938,1,-1,-1,-1
174,108,201.399,121.609,115.643,262.415,1,-1,-1,-1
175,108,243.128,105.751,121.231,275.094,1,-1,-1,-1
184,112,143.592,99.4763,102.374,232.311,1,-1,-1,-1
185,112,155.049,110.008,102.77,233.21,1,-1,-1,-1
186,112,155.376,103.861,117.282,266.139,1,-1,-1,-1
187,112,166.196,105.065,115.968,263.155,1,-1,-1,-1
190,117,454.158,185.275,33.6569,76.3755,1,-1,-1,-1
191,117,459.158,192.604,31.5226,71.5323,1,-1,-1,-1
192,117,463.505,190.223,32.2712,73.2311,1,-1,-1,-1
193,119,205.941,114,104,236,1,-1,-1,-1
194,119,206.71,102.789,104,236,1,-1,-1,-1
196,122,302.957,193.074,28.5954,64.8902,1,-1,-1,-1
197,122,307.153,185.236,28.7014,65.1306,1,-1,-1,-1
198,122,308.802,193.086,28.6794,65.0808,1,-1,-1,-1
199,122,311.737,200.543,28.6116,64.927,1,-1,-1,-1
200,122,312.988,204.01,30.0283,68.1416,1,-1,-1,-1
200,125,469.079,193.292,36.995,83.9494,1,-1,-1,-1
200,126,204,115.526,104,236,1,-1,-1,-1
201,125,472.617,201.324,34.974,79.364,1,-1,-1,-1
201,126,204,126.403,104,236,1,-1,-1,-1
202,125,470.928,205.632,36.0541,81.8146,1,-1,-1,-1
202,126,204,130.902,104,236,1,-1,-1,-1
203,125,472.964,213.721,36.5921,83.0352,1,-1,-1,-1
204,122,322.259,225.531,33.2016,75.3428,1,-1,-1,-1
204,125,469.279,210.798,38.7714,87.9806,1,-1,-1,-1
205,122,321.072,222.346,33.8071,76.7169,1,-1,-1,-1
205,125,467.115,208.292,39.8862,90.5105,1,-1,-1,-1
206,122,320.144,223.375,34.0056,77.1674,1,-1,-1,-1
206,125,464.221,209.797,38.5505,87.4793,1,-1,-1,-1
207,122,317.754,229.467,32.4787,73.7022,1,-1,-1,-1
207,125,462.758,213.378,37.6102,85.3452,1,-1,-1,-1
208,122,317.462,222.73,36.9635,83.8791,1,-1,-1,-1
208,125,462.194,215.231,37.0333,84.0361,1,-1,-1,-1
209,122,322.739,221.589,37.4431,84.967,1,-1,-1,-1
209,125,463.84,209.568,38.6357,87.6725,1,-1,-1,-1
210,122,325.838,220.987,37.507,85.1115,1,-1,-1,-1
210,125,464.989,209.528,39.5715,89.7962,1,-1,-1,-1
211,122,329.602,225.147,34.1472,77.4875,1,-1,-1,-1
211,125,465.684,209.616,40.0472,90.8758,1,-1,-1,-1
212,122,329.641,220.524,39.7766,90.262,1,-1,-1,-1
213,122,333.485,218.118,42.7524,97.015,1,-1,-1,-1
214,122,334.679,225.758,38.5979,87.5877,1,-1,-1,-1
215,122,333.413,224.347,39.3284,89.2453,1,-1,-1,-1
216,122,324.87,219.806,39.7703,90.2481,1,-1,-1,-1
217,122,310.006,217.64,42.2733,95.9278,1,-1,-1,-1
217,133,443.149,211.401,40.3746,91.6186,1,-1,-1,-1
218,122,296.678,206.755,45.9984,104.381,1,-1,-1,-1
219,122,277.401,201.412,50.2822,114.102,1,-1,-1,-1
220,122,263.18,199.202,52.3296,118.748,1,-1,-1,-1
221,122,252.324,194.039,53.1032,120.503,1,-1,-1,-1
222,122,246.937,191.657,56.0139,127.109,1,-1,-1,-1
223,122,237.594,195.518,54.6311,123.971,1,-1,-1,-1
224,122,229.114,193.654,53.5012,121.407,1,-1,-1,-1
225,122,221.097,197.366,52.7097,119.611,1,-1,-1,-1
226,122,217.902,195.057,52.2262,118.514,1,-1,-1,-1
227,122,209.192,188.207,58.1049,131.853,1,-1,-1,-1
228,122,200.155,184.649,58.1692,132,1,-1,-1,-1
229,122,191.479,178.387,57.9335,131.466,1,-1,-1,-1
230,122,184.749,176.804,64.2343,145.763,1,-1,-1,-1
231,122,178.745,173.225,71.1902,161.547,1,-1,-1,-1
232,122,174.221,168.924,71.0218,161.165,1,-1,-1,-1
233,122,175.01,162.917,73.9101,167.718,1,-1,-1,-1
234,122,174.017,163.949,71.6721,162.64,1,-1,-1,-1
235,122,176.341,161.221,73.5465,166.893,1,-1,-1,-1
236,122,178.08,166.98,74.474,168.997,1,-1,-1,-1
236,139,275.199,193.234,39.3441,89.2798,1,-1,-1,-1
237,122,182.632,174.012,71.307,161.811,1,-1,-1,-1
237,139,274.936,195.805,40.2112,91.2478,1,-1,-1,-1
238,122,181.794,174.578,72.8718,165.361,1,-1,-1,-1
238,139,274.854,197.09,40.4855,91.8703,1,-1,-1,-1
239,122,182.198,175.001,77.1876,175.156,1,-1,-1,-1
239,139,275.422,197.685,38.6172,87.6306,1,-1,-1,-1
240,122,175.384,168.023,83.4528,189.374,1,-1,-1,-1
241,122,171.476,164.008,86.6099,196.539,1,-1,-1,-1
243,139,261.417,198.158,36.5458,82.9297,1,-1,-1,-1
244,139,254.529,200.415,34.6725,78.6794,1,-1,-1,-1
245,139,245.316,199.379,35.5143,80.5894,1,-1,-1,-1
246,139,231.484,200.978,34.2598,77.7431,1,-1,-1,-1
247,139,217.573,199.523,35.4694,80.4876,1,-1,-1,-1
248,139,204.041,195.718,36.2338,82.222,1,-1,-1,-1
249,139,193.851,192.941,38.5676,87.5182,1,-1,-1,-1
250,139,186.341,191.626,39.802,90.3193,1,-1,-1,-1
251,139,178.497,191.683,38.5336,87.4409,1,-1,-1,-1
252,139,172.033,191.99,37.6249,85.3787,1,-1,-1,-1
253,139,166.823,192.335,37.0589,84.0941,1,-1,-1,-1
254,139,161.605,192.62,36.7577,83.4106,1,-1,-1,-1
255,139,153.827,186.852,40.8921,92.7929,1,-1,-1,-1
256,139,146.971,183.772,43.118,97.844,1,-1,-1,-1
257,139,143.494,187.489,42.0043,95.3169,1,-1,-1,-1
258,139,139.084,188.852,43.3295,98.3243,1,-1,-1,-1
259,139,140.862,190.777,41.8056,94.8662,1,-1,-1,-1
260,139,142.675,191.858,40.7754,92.5286,1,-1,-1,-1
261,139,144.689,191.159,42.4349,96.2944,1,-1,-1,-1
262,139,146.023,186.602,43.4065,98.4993,1,-1,-1,-1
263,139,150.259,187.994,43.9014,99.6224,1,-1,-1,-1
264,139,155.472,186.041,41.9269,95.1418,1,-1,-1,-1
265,139,159.311,185.501,45.3323,102.869,1,-1,-1,-1
266,139,167.418,188.813,42.7591,97.0301,1,-1,-1,-1
267,139,176.808,189.778,43.2741,98.1989,1,-1,-1,-1
268,139,181.425,190.233,43.6087,98.9582,1,-1,-1,-1
269,139,187.128,190.378,43.7994,99.3911,1,-1,-1,-1
269,143,108.953,198.865,32.3525,73.4158,1,-1,-1,-1
270,139,193.554,190.361,43.8908,99.5985,1,-1,-1,-1
270,143,115.323,202.698,30.0236,68.1311,1,-1,-1,-1
270,144,142.837,213,26,59,1,-1,-1,-1
271,139,196.357,190.28,43.9218,99.6688,1,-1,-1,-1
271,143,118.393,200.832,30.4718,69.1481,1,-1,-1,-1
272,139,200.524,190.189,43.9209,99.6668,1,-1,-1,-1
272,143,122.397,199.956,30.7103,69.689,1,-1,-1,-1
273,139,206.221,190.111,43.9068,99.6349,1,-1,-1,-1
273,143,130.425,197.809,32.4481,73.6326,1,-1,-1,-1
274,139,212.832,190.056,43.89,99.5967,1,-1,-1,-1
274,143,137.21,199.688,33.3619,75.7065,1,-1,-1,-1
275,139,219.907,190.021,43.8755,99.5639,1,-1,-1,-1
275,143,144.85,198.613,35.664,80.93,1,-1,-1,-1
276,139,232.923,191.108,41.6809,94.5837,1,-1,-1,-1
276,143,152.937,200.356,34.9907,79.4022,1,-1,-1,-1
277,139,243.522,191.793,40.3719,91.6131,1,-1,-1,-1
277,143,161.775,199.128,36.2619,82.2864,1,-1,-1,-1
278,139,253.479,190.919,42.0151,95.3421,1,-1,-1,-1
278,143,174.992,200.659,35.0684,79.5784,1,-1,-1,-1
279,139,266.467,187.49,40.8409,92.6774,1,-1,-1,-1
279,143,184.866,196.391,36.1025,81.9247,1,-1,-1,-1
280,139,275.94,189.591,40.1618,91.1364,1,-1,-1,-1
280,143,194.829,199.073,34.835,79.0487,1,-1,-1,-1
281,139,283.189,189.762,42.1182,95.5758,1,-1,-1,-1
281,143,201.965,200.822,34.0216,77.2032,1,-1,-1,-1
282,139,289.858,189.914,43.2724,98.1951,1,-1,-1,-1
282,143,207.466,201.809,33.5749,76.1896,1,-1,-1,-1
283,139,295.681,182.304,48.7433,110.61,1,-1,-1,-1
283,143,215.062,205.157,33.3791,75.7454,1,-1,-1,-1
283,147,348.885,197.759,42.7967,97.1155,1,-1,-1,-1
284,139,301.195,189.994,44.9156,101.924,1,-1,-1,-1
284,143,217.653,205.16,35.2404,79.9686,1,-1,-1,-1
284,147,350.909,197.977,43.6181,98.9795,1,-1,-1,-1
285,139,300.467,190.445,44.354,100.649,1,-1,-1,-1
285,143,218.01,201.489,36.3094,82.3941,1,-1,-1,-1
286,139,298.435,191.644,41.8357,94.9349,1,-1,-1,-1
286,143,213.874,202.703,36.8448,83.6087,1,-1,-1,-1
287,139,297.257,191.096,42.5987,96.6662,1,-1,-1,-1
287,143,210.923,200.016,37.0529,84.0807,1,-1,-1,-1
288,139,292.252,186.596,43.1754,97.9749,1,-1,-1,-1
289,139,287.504,181.005,45.9494,104.27,1,-1,-1,-1
290,139,282.689,180.953,45.1539,102.465,1,-1,-1,-1
291,139,280.851,186.469,42.3993,96.2137,1,-1,-1,-1
292,139,280.341,189.998,40.686,92.3257,1,-1,-1,-1
293,139,279.873,190.708,42.0804,95.4902,1,-1,-1,-1
294,139,278.136,183.84,45.4422,103.119,1,-1,-1,-1
295,139,279.669,187.796,42.8373,97.2075,1,-1,-1,-1
296,139,280.249,185.197,43.3195,98.3019,1,-1,-1,-1
297,139,282.934,180.699,46.0208,104.432,1,-1,-1,-1
298,139,288.988,183.161,41.3686,93.8745,1,-1,-1,-1
299,139,289.563,186.921,42.3825,96.1753,1,-1,-1,-1
299,151,182.906,179.513,50.8694,115.434,1,-1,-1,-1
300,139,293.535,189.147,43.1064,97.8181,1,-1,-1,-1
301,139,295.513,190.265,43.5617,98.8515,1,-1,-1,-1
302,139,296.243,186.637,43.8123,99.4202,1,-1,-1,-1
303,139,292.249,188.407,43.9262,99.6786,1,-1,-1,-1
304,139,283.891,187.126,46.332,105.138,1,-1,-1,-1
305,139,280.894,188.676,45.3237,102.85,1,-1,-1,-1
306,139,273.292,187.29,46.9315,106.498,1,-1,-1,-1
307,139,272.289,188.729,45.4932,103.235,1,-1,-1,-1
308,139,276.437,190.679,42.3867,96.1852,1,-1,-1,-1
309,154,0,150,74.286,168.57,1,-1,-1,-1
315,155,215.141,188.49,50.8892,115.48,1,-1,-1,-1
316,157,300.285,190.684,42.688,96.8688,1,-1,-1,-1
317,157,302.08,190.101,43.811,99.4173,1,-1,-1,-1
318,157,302.556,189.882,44.2155,100.335,1,-1,-1,-1
319,157,301.87,187.378,46.7737,106.14,1,-1,-1,-1
320,157,301.83,188.437,45.6663,103.627,1,-1,-1,-1
320,158,28.6916,141.308,74.286,168.57,1,-1,-1,-1
321,157,305.72,189.192,44.8432,101.76,1,-1,-1,-1
321,158,31.751,145.957,74.286,168.57,1,-1,-1,-1
322,157,307.82,189.678,44.2928,100.511,1,-1,-1,-1
322,158,32.7325,148.283,74.286,168.57,1,-1,-1,-1
323,158,32.8294,149.491,74.286,168.57,1,-1,-1,-1
324,158,32.535,150.083,74.286,168.57,1,-1,-1,-1
325,158,32.1128,150.315,74.286,168.57,1,-1,-1,-1
326,158,30.5196,148.537,70.7394,160.522,1,-1,-1,-1
327,158,29.5661,147.539,68.6336,155.744,1,-1,-1,-1
345,161,308.227,189.607,43.1126,97.8325,1,-1,-1,-1
346,161,311.917,191.087,41.0441,93.1383,1,-1,-1,-1
347,161,314.569,188.233,44.7083,101.453,1,-1,-1,-1
348,161,323.052,190.515,40.5536,92.025,1,-1,-1,-1
348,163,98.6942,147.271,92.0955,208.99,1,-1,-1,-1
349,161,324.517,187.889,44.5086,101,1,-1,-1,-1
349,163,116.687,148.159,84.4644,191.672,1,-1,-1,-1
350,161,329.85,189.921,42.2545,95.8848,1,-1,-1,-1
350,163,115.842,146.27,96.7217,219.486,1,-1,-1,-1
351,163,136.927,154.011,85.2993,193.565,1,-1,-1,-1
355,163,189.659,162.787,80.0309,181.609,1,-1,-1,-1
356,163,196.858,163.174,80.0245,181.594,1,-1,-1,-1
357,163,213.074,166.296,73.3312,166.406,1,-1,-1,-1
358,163,225.651,164.131,72.8382,165.286,1,-1,-1,-1
359,163,231.016,162.572,72.9311,165.497,1,-1,-1,-1
363,163,244.081,161.315,77.4519,175.755,1,-1,-1,-1
364,163,248.58,171.28,72.7005,164.974,1,-1,-1,-1
364,170,370.451,191.879,39.1804,88.9088,1,-1,-1,-1
365,163,250.618,173.728,73.2377,166.192,1,-1,-1,-1
365,170,368.214,192.257,39.0636,88.644,1,-1,-1,-1
366,163,251.14,174.608,73.6805,167.197,1,-1,-1,-1
366,170,363.519,190.986,41.7086,94.6461,1,-1,-1,-1
367,163,243.971,174.648,73.991,167.901,1,-1,-1,-1
368,163,239.52,174.327,74.182,168.334,1,-1,-1,-1
369,163,244.032,170.952,70.7394,160.523,1,-1,-1,-1
370,163,240.027,171.837,72.3233,164.117,1,-1,-1,-1
371,163,244.648,181.686,69.796,158.382,1,-1,-1,-1
372,163,251.513,189.6,65.053,147.619,1,-1,-1,-1
373,163,257.674,185.612,65.7753,149.258,1,-1,-1,-1
374,163,266.378,185.692,57.5786,130.658,1,-1,-1,-1
375,163,270.999,186.047,52.5661,119.284,1,-1,-1,-1
375,170,360.731,186.519,42.3597,96.1237,1,-1,-1,-1
376,163,266.38,177.724,64.3832,146.099,1,-1,-1,-1
377,163,266.373,185.626,63.7028,144.555,1,-1,-1,-1
378,163,263.116,178.726,70.2506,159.413,1,-1,-1,-1
378,177,208.316,192.013,39.4811,89.5908,1,-1,-1,-1
379,163,261.178,178.28,70.0794,159.025,1,-1,-1,-1
380,163,262.936,180.966,66.3686,150.604,1,-1,-1,-1
381,163,267.035,179.928,67.2308,152.561,1,-1,-1,-1
382,163,263.553,175.743,71.4489,162.133,1,-1,-1,-1
392,181,258.719,176.711,64.2269,145.744,1,-1,-1,-1
393,181,252.599,171.429,66.6124,151.158,1,-1,-1,-1
394,181,253.535,172.133,64.4465,146.243,1,-1,-1,-1
394,183,336.526,204.011,37.4979,85.0913,1,-1,-1,-1
395,181,248.589,172.819,63.0836,143.15,1,-1,-1,-1
395,183,337.077,216.785,31.8689,72.3179,1,-1,-1,-1
399,186,206.772,188.877,54.4912,123.654,1,-1,-1,-1
400,186,208.069,184.098,57.0427,129.445,1,-1,-1,-1
402,187,391.468,180.463,49.6915,112.761,1,-1,-1,-1
404,184,68.0933,130.509,98.337,223.152,1,-1,-1,-1
404,186,215.637,174.302,74.4866,169.027,1,-1,-1,-1
404,190,287.442,191.065,58.0394,131.705,1,-1,-1,-1
405,186,217.573,175.484,72.4809,164.475,1,-1,-1,-1
405,190,295.045,187.329,56.4943,128.2,1,-1,-1,-1
406,186,216.195,173.313,74.2661,168.526,1,-1,-1,-1
406,187,424.697,190.761,41.7436,94.7258,1,-1,-1,-1
406,190,303.7,191.215,55.9895,127.055,1,-1,-1,-1
407,186,222.119,172.349,75.0083,170.21,1,-1,-1,-1
407,190,312.177,193.051,55.9394,126.941,1,-1,-1,-1
408,186,225.413,172.079,75.1708,170.578,1,-1,-1,-1
408,190,321.062,188.396,59.3303,134.635,1,-1,-1,-1
409,186,229.805,172.711,78.3834,177.869,1,-1,-1,-1
409,190,335.448,190.872,58.1616,131.984,1,-1,-1,-1
410,186,231.923,173.29,80.028,181.602,1,-1,-1,-1
410,190,347.059,192.353,57.4033,130.263,1,-1,-1,-1
411,186,227.99,166.716,84.5928,191.961,1,-1,-1,-1
411,190,357.904,197.672,54.211,123.019,1,-1,-1,-1
412,186,225.345,163.063,86.8671,197.123,1,-1,-1,-1
412,190,362.529,196.045,52.348,118.791,1,-1,-1,-1
413,186,220.808,161.192,84.0289,190.682,1,-1,-1,-1
414,186,213.718,160.627,85.8074,194.718,1,-1,-1,-1
415,186,187.382,151.921,91.3574,207.314,1,-1,-1,-1
416,186,164.225,137.386,99.8394,226.561,1,-1,-1,-1
417,186,130.296,125.286,108.749,246.778,1,-1,-1,-1
429,198,262.836,193,47.893,108.68,1,-1,-1,-1
430,198,287.497,200.665,45.1008,102.344,1,-1,-1,-1
431,198,310.408,204.016,43.8481,99.5014,1,-1,-1,-1
432,198,337.743,198.62,45.8554,104.056,1,-1,-1,-1
433,198,363.099,195.396,47.0308,106.723,1,-1,-1,-1
434,198,397.504,188.884,50.1186,113.731,1,-1,-1,-1
438,198,512.362,195.998,45.5921,103.459,1,-1,-1,-1
439,198,533.456,194.511,46.7456,106.076,1,-1,-1,-1
440,198,554.516,199.926,45.1435,102.441,1,-1,-1,-1
441,198,570.187,203.07,44.1836,100.263,1,-1,-1,-1
446,204,542.76,184.628,52.1878,118.426,1,-1,-1,-1
447,204,530.307,190.264,49.3133,111.903,1,-1,-1,-1
448,204,520.353,192.786,48.0045,108.933,1,-1,-1,-1
449,204,506.68,196.227,45.0359,102.197,1,-1,-1,-1
450,204,492.356,197.858,43.5329,98.7863,1,-1,-1,-1
451,204,478.35,198.392,42.9509,97.4655,1,-1,-1,-1
452,207,508.571,186.196,47.2098,107.13,1,-1,-1,-1
453,207,494.935,188.6,44.8111,101.687,1,-1,-1,-1
454,207,473.814,189.895,43.6079,98.9565,1,-1,-1,-1
458,207,408.751,193.046,44.8501,101.775,1,-1,-1,-1
459,207,398.447,195.963,44.2475,100.408,1,-1,-1,-1
460,207,386.947,193.356,43.9097,99.6413,1,-1,-1,-1
461,207,378.481,191.563,43.7552,99.2908,1,-1,-1,-1
462,207,372.167,190.487,43.7104,99.1892,1,-1,-1,-1
463,207,360.433,182.934,46.1078,104.629,1,-1,-1,-1
464,207,346.535,183.407,47.4463,107.667,1,-1,-1,-1
464,209,316.063,195.626,37.4627,85.0106,1,-1,-1,-1
465,207,338.975,182.357,45.8089,103.951,1,-1,-1,-1
465,209,307.397,198.81,35.1284,79.714,1,-1,-1,-1
466,207,332.369,182.065,44.6996,101.434,1,-1,-1,-1
466,209,301.58,198.519,35.6626,80.9261,1,-1,-1,-1
467,207,326.08,186.191,44.0491,99.9575,1,-1,-1,-1
467,209,286.185,193.4,40.4454,91.7794,1,-1,-1,-1
468,207,320.354,188.718,43.7315,99.2369,1,-1,-1,-1
468,209,285.578,197.457,37.2256,84.4733,1,-1,-1,-1
469,207,314.23,186.001,43.6221,98.9886,1,-1,-1,-1
469,209,280.54,197.925,36.853,83.6275,1,-1,-1,-1
470,207,310.054,185.359,41.4268,94.007,1,-1,-1,-1
470,209,275.246,198.139,36.6775,83.229,1,-1,-1,-1
471,207,302.335,183.863,42.431,96.2858,1,-1,-1,-1
471,209,269.698,198.201,36.622,83.103,1,-1,-1,-1
472,207,298.808,183.062,43.1409,97.8967,1,-1,-1,-1
472,209,266.716,204.839,31.9989,72.6127,1,-1,-1,-1
473,207,294.303,182.715,43.5833,98.9007,1,-1,-1,-1
474,207,292.546,182.629,43.8241,99.4472,1,-1,-1,-1
475,207,288.262,186.716,43.9314,99.6907,1,-1,-1,-1
476,207,290.448,189.115,43.9608,99.7572,1,-1,-1,-1
476,209,255.467,199.998,33.1181,75.1531,1,-1,-1,-1
477,209,255.109,204.045,33.3483,75.6754,1,-1,-1,-1
478,209,253.014,201.107,35.3898,80.3076,1,-1,-1,-1
479,209,249.252,202.743,36.4983,82.8226,1,-1,-1,-1
480,207,281.36,188.213,46.2746,105.008,1,-1,-1,-1
480,209,243.942,200.229,37.0103,83.9842,1,-1,-1,-1
481,207,276.485,189.077,45.2411,102.663,1,-1,-1,-1
481,209,241.306,198.714,37.1748,84.3573,1,-1,-1,-1
482,207,274.129,185.587,44.5123,101.009,1,-1,-1,-1
482,209,239.73,200.177,35.3551,80.2286,1,-1,-1,-1
483,207,269.265,183.586,44.0653,99.9944,1,-1,-1,-1
483,209,236.421,205.762,32.6832,74.1656,1,-1,-1,-1
484,207,263.399,174.327,48.7169,110.55,1,-1,-1,-1
485,207,260.082,177.478,46.5974,105.74,1,-1,-1,-1
486,207,258.885,176.501,45.1135,102.373,1,-1,-1,-1
487,207,251.293,176.759,46.5734,105.686,1,-1,-1,-1
488,207,243.364,184.052,45.1321,102.415,1,-1,-1,-1
489,207,239.529,181.404,46.6049,105.757,1,-1,-1,-1
489,209,208.064,195.324,34.9966,79.4149,1,-1,-1,-1
490,207,234.162,182.469,45.164,102.488,1,-1,-1,-1
490,209,202.28,193.573,36.2637,82.29,1,-1,-1,-1
491,207,231.872,183.044,44.2725,100.465,1,-1,-1,-1
491,209,199.801,192.734,36.8872,83.7047,1,-1,-1,-1
492,207,227.299,183.284,43.8046,99.4027,1,-1,-1,-1
493,207,224.703,180.375,46.0062,104.399,1,-1,-1,-1
494,207,224.462,185.619,44.9683,102.044,1,-1,-1,-1
495,207,224.297,181.779,46.65,105.859,1,-1,-1,-1
496,207,220.54,179.404,47.5957,108.006,1,-1,-1,-1
497,207,219.772,180.953,45.7663,103.854,1,-1,-1,-1
498,207,219.711,182.052,44.5791,101.16,1,-1,-1,-1
502,207,215.693,186.846,39.9581,90.6735,1,-1,-1,-1
502,216,168.324,197,28.326,64.279,1,-1,-1,-1
503,207,209.598,181.051,46.8637,106.344,1,-1,-1,-1
503,216,169.564,199.779,26.7173,60.6283,1,-1,-1,-1
504,207,209.346,178.724,48.1279,109.213,1,-1,-1,-1
511,218,127.818,191.017,36.9949,83.9494,1,-1,-1,-1
512,218,126.709,191.406,39.4422,89.5029,1,-1,-1,-1
513,218,126.536,187.207,40.3761,91.6222,1,-1,-1,-1
514,218,126.716,185.182,40.6771,92.3053,1,-1,-1,-1
515,218,125.846,183.13,42.9487,97.4603,1,-1,-1,-1
516,218,125.53,182.287,44.0401,99.9369,1,-1,-1,-1
516,219,185.735,181.802,44.5979,101.203,1,-1,-1,-1
517,218,129.547,182.084,44.4548,100.878,1,-1,-1,-1
517,219,191.997,183.308,43.432,98.5573,1,-1,-1,-1
518,218,135.994,178.717,44.5069,100.996,1,-1,-1,-1
518,219,192.018,174.706,48.4536,109.952,1,-1,-1,-1
519,218,139.536,180.412,44.3956,100.744,1,-1,-1,-1
519,219,191.744,170.439,50.9338,115.581,1,-1,-1,-1
520,218,139.957,178.741,46.5965,105.738,1,-1,-1,-1
520,219,196.017,168.448,52.1211,118.275,1,-1,-1,-1
521,218,148.403,180.77,45.4602,103.16,1,-1,-1,-1
521,219,202.846,167.73,52.5876,119.333,1,-1,-1,-1
522,218,152.914,182.092,44.6434,101.306,1,-1,-1,-1
522,219,209.218,172.811,50.3608,114.28,1,-1,-1,-1
523,218,154.822,179.918,46.496,105.51,1,-1,-1,-1
523,219,212.285,176.049,48.887,110.936,1,-1,-1,-1
524,218,155.265,178.633,47.5414,107.882,1,-1,-1,-1
524,219,217.947,177.831,48.0467,109.029,1,-1,-1,-1
525,218,153.239,177.353,50.4553,114.495,1,-1,-1,-1
525,219,221.695,181.478,45.3525,102.915,1,-1,-1,-1
526,218,156.37,176.801,51.9491,117.884,1,-1,-1,-1
526,219,223.16,179.921,43.8548,99.5166,1,-1,-1,-1
527,218,158.032,176.623,52.5769,119.309,1,-1,-1,-1
527,219,222.147,179.173,45.6191,103.52,1,-1,-1,-1
528,218,157.563,170.828,55.5574,126.073,1,-1,-1,-1
528,219,222.77,173.327,49.2804,111.829,1,-1,-1,-1
529,218,157.07,167.654,57.0357,129.429,1,-1,-1,-1
529,219,222.917,170.067,51.3002,116.412,1,-1,-1,-1
530,218,157.758,167.246,54.887,124.552,1,-1,-1,-1
530,219,225.088,173.643,49.9508,113.35,1,-1,-1,-1
531,218,158.11,167.461,53.3642,121.096,1,-1,-1,-1
531,219,230.821,176.056,48.9498,111.078,1,-1,-1,-1
532,219,231.572,172.253,50.6999,115.05,1,-1,-1,-1
533,219,231.576,170.002,51.6864,117.288,1,-1,-1,-1
534,219,228.92,174.001,49.8356,113.088,1,-1,-1,-1
535,219,227.21,176.534,48.6346,110.363,1,-1,-1,-1
536,219,226.245,177.914,47.9659,108.846,1,-1,-1,-1
536,221,186.049,182.737,44.3944,100.741,1,-1,-1,-1
537,219,225.789,174.471,47.6659,108.165,1,-1,-1,-1
537,221,181.808,182.746,44.3749,100.697,1,-1,-1,-1
538,219,223.3,171.086,50.0158,113.497,1,-1,-1,-1
538,221,183.847,182.799,44.267,100.452,1,-1,-1,-1
539,219,222,173.893,51.3809,116.595,1,-1,-1,-1
539,221,182.393,179.913,46.5233,105.572,1,-1,-1,-1
540,219,226.082,175.728,52.0724,118.164,1,-1,-1,-1
540,221,181.696,177.717,50.1451,113.791,1,-1,-1,-1
541,219,228.61,176.767,52.3466,118.786,1,-1,-1,-1
541,221,181.485,177.272,49.6297,112.621,1,-1,-1,-1
542,219,227.62,177.763,50.0763,113.634,1,-1,-1,-1
542,221,181.507,176.669,51.4202,116.684,1,-1,-1,-1
543,219,224.57,177.685,51.0175,115.77,1,-1,-1,-1
543,221,181.628,176.505,52.2748,118.624,1,-1,-1,-1
544,219,222.759,172.892,51.6112,117.118,1,-1,-1,-1
544,221,181.757,171.916,52.5752,119.305,1,-1,-1,-1
545,219,221.839,170.073,51.9394,117.862,1,-1,-1,-1
545,221,176.646,168.199,55.4265,125.776,1,-1,-1,-1
546,219,219.728,173.815,49.7608,112.919,1,-1,-1,-1
546,221,173.764,166.437,56.8812,129.078,1,-1,-1,-1
547,219,218.703,176.289,48.4274,109.893,1,-1,-1,-1
547,221,172.397,165.822,57.483,130.444,1,-1,-1,-1
548,219,219.476,180.547,45.4441,103.123,1,-1,-1,-1
548,221,171.945,165.806,57.6117,130.736,1,-1,-1,-1
549,219,216.014,179.257,48.6752,110.455,1,-1,-1,-1
549,221,171.97,166.043,57.5159,130.519,1,-1,-1,-1
550,221,170.441,159.363,60.467,137.215,1,-1,-1,-1
550,223,63.3577,114,104,236,1,-1,-1,-1
551,221,166.235,162.583,58.987,133.857,1,-1,-1,-1
551,223,58.9077,114,104,236,1,-1,-1,-1
552,221,161.691,157.916,61.0124,138.452,1,-1,-1,-1
552,223,40.6231,103.251,118.224,268.275,1,-1,-1,-1
553,221,157.429,144.345,72.9214,165.477,1,-1,-1,-1
554,221,157.374,147.736,68.9264,156.41,1,-1,-1,-1
555,221,156.233,141.582,72.6865,164.942,1,-1,-1,-1
556,221,155.919,144.261,77.8843,176.738,1,-1,-1,-1
557,221,156.062,146.486,80.4036,182.455,1,-1,-1,-1
558,221,156.327,147.967,81.3615,184.629,1,-1,-1,-1
559,221,156.578,140.714,85.3366,193.65,1,-1,-1,-1
560,221,156.8,136.547,87.229,197.944,1,-1,-1,-1
561,221,156.94,134.483,87.901,199.47,1,-1,-1,-1
562,221,156.423,132.54,92.5061,209.921,1,-1,-1,-1
563,221,148.06,123.224,94.7955,215.117,1,-1,-1,-1
564,221,143.295,118.239,95.6941,217.156,1,-1,-1,-1
565,221,141.019,116.088,95.8367,217.48,1,-1,-1,-1
614,232,277.981,185.626,49.2912,111.853,1,-1,-1,-1
615,232,272.381,179.563,51.2122,116.212,1,-1,-1,-1
616,232,269.989,176.986,52.0131,118.03,1,-1,-1,-1
619,234,311.907,176.413,55.7393,126.486,1,-1,-1,-1
620,232,247.625,168.153,60.6784,137.694,1,-1,-1,-1
620,234,305.534,172.655,58.5128,132.78,1,-1,-1,-1
621,232,242.648,171.392,59.3795,134.747,1,-1,-1,-1
621,234,301.155,177.42,56.2837,127.722,1,-1,-1,-1
622,232,236.583,172.574,61.3878,139.304,1,-1,-1,-1
622,234,295.989,180.088,57.5305,130.552,1,-1,-1,-1
623,232,229.259,169.853,65.8117,149.342,1,-1,-1,-1
623,234,288.575,181.911,57.9191,131.434,1,-1,-1,-1
624,232,220.172,168.431,68.0406,154.4,1,-1,-1,-1
624,234,283.414,177.265,60.9892,138.4,1,-1,-1,-1
625,234,283.082,180.41,59.4629,134.937,1,-1,-1,-1
626,234,282.02,176.713,61.3572,139.234,1,-1,-1,-1
627,234,276.784,174.618,62.3148,141.407,1,-1,-1,-1
628,234,275.809,188.913,57.059,129.48,1,-1,-1,-1
629,234,265.392,184.596,63.1748,143.358,1,-1,-1,-1
630,234,253.548,171.258,70.3296,159.594,1,-1,-1,-1
631,234,240.791,170.715,73.9373,167.78,1,-1,-1,-1
632,234,229.391,174.342,71.9935,163.369,1,-1,-1,-1
633,234,218.509,159.472,77.2869,175.382,1,-1,-1,-1
634,234,211.988,141.592,88.6684,201.21,1,-1,-1,-1
634,239,125.18,133,94.545,214.55,1,-1,-1,-1
635,234,201.405,132.787,94.2341,213.841,1,-1,-1,-1
635,239,104.691,113.04,107.081,242.993,1,-1,-1,-1
636,234,189.764,127.492,102.014,231.495,1,-1,-1,-1
636,239,77.2059,131.43,101.211,229.675,1,-1,-1,-1
637,234,175.331,125.98,105.522,239.456,1,-1,-1,-1
637,239,62.5713,126.272,108.267,245.684,1,-1,-1,-1
638,234,175.962,127.65,101.446,230.208,1,-1,-1,-1
638,239,49.8958,109.188,119.871,272.013,1,-1,-1,-1
639,234,170.633,127.863,103.648,235.203,1,-1,-1,-1
639,239,45.3572,100.235,125.495,284.776,1,-1,-1,-1
640,234,168.673,119.158,104.635,237.442,1,-1,-1,-1
641,234,166.78,119.016,109.581,248.665,1,-1,-1,-1
642,234,168.168,114.937,107.543,244.039,1,-1,-1,-1
643,234,169.545,113.033,105.947,240.418,1,-1,-1,-1
647,242,246.972,202.836,26,59,1,-1,-1,-1
648,242,237.343,210.474,26,59,1,-1,-1,-1
652,242,220.122,200.527,26,59,1,-1,-1,-1
655,243,149.968,172.079,56.3437,127.857,1,-1,-1,-1
656,243,142.587,168.637,58.6721,133.14,1,-1,-1,-1
657,243,120.76,144.55,82.7618,187.806,1,-1,-1,-1
658,243,117.632,145.087,80.4978,182.668,1,-1,-1,-1
665,244,123.639,131.786,95.404,216.499,1,-1,-1,-1
666,244,120.508,124.092,107.674,244.339,1,-1,-1,-1
680,246,155.426,191.148,37.1511,84.3038,1,-1,-1,-1
684,247,254.309,164.141,62.22,141.19,1,-1,-1,-1
685,247,251.147,164.915,62.22,141.19,1,-1,-1,-1
691,253,262.629,210.872,38.9446,88.3738,1,-1,-1,-1
692,252,296.118,172.724,58.3593,132.432,1,-1,-1,-1
692,253,257.507,193.684,48.2024,109.382,1,-1,-1,-1
693,252,296.389,175.274,57.2073,129.819,1,-1,-1,-1
693,253,254.385,208.955,42.5518,96.559,1,-1,-1,-1
694,252,296.424,176.35,56.7179,128.708,1,-1,-1,-1
694,253,248.733,195.361,48.4583,109.963,1,-1,-1,-1
695,252,295.124,169.417,59.8372,135.786,1,-1,-1,-1
695,253,246.008,183.399,51.3317,116.483,1,-1,-1,-1
696,253,241.87,192.616,48.1153,109.185,1,-1,-1,-1
697,253,240.009,196.61,48.1227,109.201,1,-1,-1,-1
698,253,235.379,198.987,48.0789,109.102,1,-1,-1,-1
699,253,233.143,200.198,48.0223,108.974,1,-1,-1,-1
700,253,228.113,190.927,56.6872,128.636,1,-1,-1,-1
701,253,225.381,191.245,57.995,131.604,1,-1,-1,-1
702,253,219.155,191.746,58.3123,132.325,1,-1,-1,-1
703,253,216.085,192.211,58.1544,131.967,1,-1,-1,-1
704,253,209.769,192.557,60.925,138.254,1,-1,-1,-1
705,253,206.154,190.461,65.7431,149.187,1,-1,-1,-1
706,253,195.577,180.081,71.8095,162.952,1,-1,-1,-1
707,253,190.254,174.427,74.7191,169.554,1,-1,-1,-1
708,253,176.432,156.34,87.9037,199.475,1,-1,-1,-1
709,253,161.047,146.743,99.8283,226.534,1,-1,-1,-1
710,253,153.736,133.782,105.284,238.915,1,-1,-1,-1
711,253,151.155,127.623,107.246,243.366,1,-1,-1,-1
717,259,244.644,195.119,41.0585,93.1712,1,-1,-1,-1
718,259,241.627,190.889,43.699,99.163,1,-1,-1,-1
719,259,240.424,181.648,47.206,107.121,1,-1,-1,-1
720,259,240.083,182.218,48.6516,110.402,1,-1,-1,-1
721,259,240.118,183.169,49.098,111.414,1,-1,-1,-1
722,259,244.368,184.121,49.0509,111.308,1,-1,-1,-1
722,261,206.155,179.938,50.3998,114.369,1,-1,-1,-1
723,259,245.735,179.693,51.1741,116.126,1,-1,-1,-1
723,261,209.426,182.658,49.6974,112.775,1,-1,-1,-1
724,259,246.38,177.306,52.2108,118.478,1,-1,-1,-1
724,261,210.858,179.058,49.1542,111.542,1,-1,-1,-1
725,259,247.698,181.368,50.2937,114.128,1,-1,-1,-1
725,261,208.425,176.854,51.2091,116.205,1,-1,-1,-1
726,259,247.175,178.865,51.3356,116.492,1,-1,-1,-1
726,261,206.992,176,52.1761,118.4,1,-1,-1,-1
727,259,246.717,177.433,51.9049,117.784,1,-1,-1,-1
727,261,206.2,175.843,52.5422,119.23,1,-1,-1,-1
728,259,241.752,176.742,52.1626,118.369,1,-1,-1,-1
728,261,205.826,176.009,52.5872,119.332,1,-1,-1,-1
729,259,237.132,175.88,55.098,125.031,1,-1,-1,-1
729,261,201.078,176.282,52.4867,119.104,1,-1,-1,-1
729,262,169.27,192.486,34.3702,77.9935,1,-1,-1,-1
730,259,234.77,170.394,56.6527,128.559,1,-1,-1,-1
730,261,198.443,176.544,52.3446,118.782,1,-1,-1,-1
730,262,165.718,189.151,35.2859,80.0712,1,-1,-1,-1
731,259,233.827,172.6,57.3416,130.123,1,-1,-1,-1
731,261,193.172,176.123,55.0756,124.98,1,-1,-1,-1
731,262,163.739,187.374,35.9425,81.561,1,-1,-1,-1
732,259,229.034,167.266,60.6476,137.624,1,-1,-1,-1
732,261,190.524,175.968,56.5554,128.339,1,-1,-1,-1
732,262,159.271,190.061,36.3771,82.547,1,-1,-1,-1
733,259,226.013,166.072,59.2835,134.529,1,-1,-1,-1
734,259,219.541,164.043,61.2857,139.072,1,-1,-1,-1
735,259,216.848,159.666,65.7256,149.147,1,-1,-1,-1
736,262,138.492,193.286,36.8288,83.5717,1,-1,-1,-1
737,262,134.034,188.7,38.7293,87.8846,1,-1,-1,-1
738,262,132.165,186.036,39.7635,90.2317,1,-1,-1,-1
739,263,161.795,155.281,70.1709,159.233,1,-1,-1,-1
741,264,343.606,204.394,26,59,1,-1,-1,-1
741,265,202.532,148.592,75.0083,170.209,1,-1,-1,-1
742,264,346.541,206.905,26,59,1,-1,-1,-1
742,265,202.348,148.331,75.2924,170.854,1,-1,-1,-1
743,265,198.487,138.771,83.2756,188.971,1,-1,-1,-1
744,265,196.817,134.6,86.7885,196.943,1,-1,-1,-1
745,265,190.787,120.417,98.5727,223.684,1,-1,-1,-1
746,265,186.127,124.604,98.7728,224.14,1,-1,-1,-1
747,265,183.929,128.043,98.0205,222.434,1,-1,-1,-1
748,265,175.713,119.541,102.441,232.465,1,-1,-1,-1
749,264,348.85,213.538,26,59,1,-1,-1,-1
749,265,180.766,105.633,104.566,237.286,1,-1,-1,-1
750,264,350.521,208.813,26,59,1,-1,-1,-1
750,265,184.39,98.212,105.334,239.029,1,-1,-1,-1
751,264,349.004,210.672,26,59,1,-1,-1,-1
751,265,175.668,99.0695,110.028,249.679,1,-1,-1,-1
752,264,347.951,209.618,26,59,1,-1,-1,-1
752,265,170.651,90.8921,112.352,254.951,1,-1,-1,-1
753,264,344.996,206.731,26,59,1,-1,-1,-1
753,265,157.166,81.5425,121.169,274.957,1,-1,-1,-1
754,264,343.341,207.474,26,59,1,-1,-1,-1
754,265,150.105,77.3024,125.585,284.976,1,-1,-1,-1
755,264,342.573,210.413,26,59,1,-1,-1,-1
756,264,340.024,209.871,26,59,1,-1,-1,-1
757,264,338.739,209.464,26,59,1,-1,-1,-1
758,264,335.937,209.197,26,59,1,-1,-1,-1
759,264,332.251,209.043,26,59,1,-1,-1,-1
760,264,328.126,208.97,26,59,1,-1,-1,-1
761,264,323.842,208.945,26,59,1,-1,-1,-1
762,264,321.862,208.946,26,59,1,-1,-1,-1
763,264,318.948,208.957,26,59,1,-1,-1,-1
764,264,320.042,208.971,26,59,1,-1,-1,-1
765,264,318.798,211.295,26,59,1,-1,-1,-1
766,264,320.628,212.626,26,59,1,-1,-1,-1
768,271,263.543,203.926,26,59,1,-1,-1,-1
768,272,331.191,212.161,26,59,1,-1,-1,-1
769,272,331.149,213.273,26,59,1,-1,-1,-1
771,273,333.4,208.811,28.5954,64.8902,1,-1,-1,-1
772,273,333.162,209.786,28.7014,65.1306,1,-1,-1,-1
773,273,331.29,206.967,30.2973,68.7519,1,-1,-1,-1
774,273,329.892,206.116,29.5062,66.957,1,-1,-1,-1
774,274,85.1621,170.298,48.3601,109.74,1,-1,-1,-1
775,273,328.728,203.351,32.0699,72.7748,1,-1,-1,-1
775,274,84.7922,174.138,45.7913,103.911,1,-1,-1,-1
776,273,325.956,206.542,30.4283,69.0495,1,-1,-1,-1
776,274,80.3926,172.182,47.1036,106.889,1,-1,-1,-1
777,273,319.41,205.742,30.726,69.7249,1,-1,-1,-1
777,274,74.1921,171.222,47.7447,108.344,1,-1,-1,-1
778,273,316.517,208.114,29.4454,66.819,1,-1,-1,-1
778,274,71.2101,174.257,45.711,103.729,1,-1,-1,-1
778,275,306.628,212.899,29.1982,66.258,1,-1,-1,-1
779,273,312.509,206.62,30.1248,68.3605,1,-1,-1,-1
779,274,65.4759,172.597,46.8259,106.259,1,-1,-1,-1
779,276,246.138,197.61,26.1357,59.3079,1,-1,-1,-1
780,273,310.716,205.662,30.5552,69.3371,1,-1,-1,-1
780,274,63.9122,175.031,45.1891,102.544,1,-1,-1,-1
780,276,245.183,197.328,25.5029,57.8721,1,-1,-1,-1
781,273,307.897,203.356,32.3864,73.4928,1,-1,-1,-1
781,274,59.6413,176.481,44.2067,100.315,1,-1,-1,-1
781,276,241.509,195.782,28.3666,64.3704,1,-1,-1,-1
782,273,306.745,199.25,33.3652,75.7139,1,-1,-1,-1
782,274,58.2719,178.323,41.5205,94.2195,1,-1,-1,-1
783,273,303.032,201.646,32.2852,73.2631,1,-1,-1,-1
783,274,53.4319,178.101,42.2872,95.9594,1,-1,-1,-1
784,273,298.949,201.628,33.0808,75.0684,1,-1,-1,-1
785,273,294.125,199.348,35.4062,80.3449,1,-1,-1,-1
785,276,225.606,191.278,36.491,82.806,1,-1,-1,-1
786,273,291.868,203.335,34.7859,78.9374,1,-1,-1,-1
786,276,220.241,192.208,37.216,84.4509,1,-1,-1,-1
787,273,288.259,205.771,34.2683,77.763,1,-1,-1,-1
787,274,29.3177,170.6,48.1988,109.374,1,-1,-1,-1
787,276,214.832,192.768,37.4256,84.9264,1,-1,-1,-1
788,273,283.207,201.831,35.779,81.1907,1,-1,-1,-1
788,274,26.0855,170.35,48.3971,109.824,1,-1,-1,-1
788,276,208.907,193.05,37.3784,84.8192,1,-1,-1,-1
789,273,277.369,199.405,36.5996,83.0524,1,-1,-1,-1
789,274,25.121,170.379,48.3766,109.777,1,-1,-1,-1
789,276,202.747,188.514,39.1149,88.7598,1,-1,-1,-1
790,273,274.038,198.073,38.8657,88.1948,1,-1,-1,-1
790,274,21.8252,169.335,50.6701,114.982,1,-1,-1,-1
790,276,203.464,187.028,38.1681,86.6112,1,-1,-1,-1
791,273,273.412,197.505,38.1793,86.6369,1,-1,-1,-1
791,274,23.9461,169.981,49.5348,112.406,1,-1,-1,-1
791,276,201.23,186.402,37.4759,85.0404,1,-1,-1,-1
792,273,273.681,197.369,37.5983,85.3185,1,-1,-1,-1
792,276,199.23,180.345,41.2536,93.6132,1,-1,-1,-1
793,273,270.218,200.898,39.0615,88.6389,1,-1,-1,-1
794,273,267.912,198.939,42.1331,95.6093,1,-1,-1,-1
795,273,266.992,193.746,43.7128,99.1941,1,-1,-1,-1
796,273,266.82,190.806,44.391,100.733,1,-1,-1,-1
796,276,193.805,182.502,40.2801,91.4045,1,-1,-1,-1
797,273,264.096,187.082,46.907,106.443,1,-1,-1,-1
797,276,195.036,179.782,44.8363,101.744,1,-1,-1,-1
798,273,266.79,185.336,48.1287,109.215,1,-1,-1,-1
799,273,268.586,184.159,50.9695,115.661,1,-1,-1,-1
800,273,269.659,183.891,52.3302,118.749,1,-1,-1,-1
801,273,270.147,188.551,50.532,114.669,1,-1,-1,-1
801,276,193.019,177.054,51.0065,115.745,1,-1,-1,-1
802,273,265.716,186.849,51.5683,117.02,1,-1,-1,-1
803,273,262.484,180.5,54.9556,124.708,1,-1,-1,-1
804,273,255.646,176.972,56.714,128.698,1,-1,-1,-1
805,273,248.538,174.115,60.5885,137.49,1,-1,-1,-1
805,276,173.288,168.095,52.5703,119.294,1,-1,-1,-1
806,273,245.057,172.974,62.4808,141.783,1,-1,-1,-1
806,276,171.94,167.935,52.4371,118.992,1,-1,-1,-1
807,273,238.009,172.722,63.2093,143.436,1,-1,-1,-1
807,276,165.989,166.888,55.1533,125.156,1,-1,-1,-1
808,273,229.994,169.402,66.6853,151.324,1,-1,-1,-1
808,276,164.233,167.631,53.8255,122.143,1,-1,-1,-1
809,273,225.051,163.675,72.0331,163.459,1,-1,-1,-1
809,276,158.068,161.859,55.7131,126.427,1,-1,-1,-1
810,273,216.285,160.849,74.6286,169.348,1,-1,-1,-1
810,276,155.056,163.865,56.7273,128.729,1,-1,-1,-1
811,273,212.13,159.717,75.6277,171.615,1,-1,-1,-1
811,276,150.491,158.372,60.3119,136.862,1,-1,-1,-1
812,273,206.142,160.095,79.065,179.416,1,-1,-1,-1
812,276,143.295,155.439,62.1487,141.03,1,-1,-1,-1
813,273,203.61,160.699,80.6607,183.038,1,-1,-1,-1
813,276,139.796,154.13,62.922,142.784,1,-1,-1,-1
814,273,203.037,161.23,81.1903,184.24,1,-1,-1,-1
814,276,138.568,153.758,63.1025,143.194,1,-1,-1,-1
815,273,198.194,153.505,85.0355,192.966,1,-1,-1,-1
815,276,134.49,149.204,66.3866,150.646,1,-1,-1,-1
816,273,181.306,138.375,97.3078,220.815,1,-1,-1,-1
816,276,126.303,142.189,71.7364,162.785,1,-1,-1,-1
817,273,172.504,130.804,103.39,234.617,1,-1,-1,-1
818,273,168.741,127.567,105.974,240.48,1,-1,-1,-1
819,273,155.708,122.134,111.238,252.422,1,-1,-1,-1
820,273,137.676,117.491,121.442,275.577,1,-1,-1,-1
821,273,128.83,115.938,126.322,286.65,1,-1,-1,-1
822,273,103.023,115.765,128.165,290.832,1,-1,-1,-1
827,285,323.05,199.994,32.3999,73.5233,1,-1,-1,-1
831,287,289.997,196.515,26,59,1,-1,-1,-1
832,287,297.978,196.322,26,59,1,-1,-1,-1
833,287,303.577,198.921,26,59,1,-1,-1,-1
833,289,361.769,196.379,34.4066,78.076,1,-1,-1,-1
834,287,308.113,200.298,26,59,1,-1,-1,-1
835,287,312.13,200.994,26,59,1,-1,-1,-1
836,287,315.917,203.61,26,59,1,-1,-1,-1
837,287,319.643,202.678,26,59,1,-1,-1,-1
838,287,323.396,201.941,26,59,1,-1,-1,-1
839,287,328.933,199.098,27.3691,62.1069,1,-1,-1,-1
839,290,392.772,186.388,39.5553,89.7598,1,-1,-1,-1
840,287,334.382,199.788,26.7912,60.7957,1,-1,-1,-1
840,290,400.137,192.188,36.2541,82.2689,1,-1,-1,-1
841,287,333.916,200.326,27.7318,62.9301,1,-1,-1,-1
841,290,406.167,195.141,34.5507,78.4038,1,-1,-1,-1
842,287,335.232,200.703,28.2405,64.0847,1,-1,-1,-1
842,290,408.522,194.2,35.6582,80.9165,1,-1,-1,-1
843,287,335.536,200.926,28.4698,64.6052,1,-1,-1,-1
844,287,333.036,201.036,28.5367,64.7569,1,-1,-1,-1
845,287,331.358,201.075,28.5217,64.723,1,-1,-1,-1
846,287,332.684,201.076,28.4753,64.6177,1,-1,-1,-1
847,287,333.513,201.06,28.4251,64.5038,1,-1,-1,-1
848,287,333.963,201.042,28.3835,64.4095,1,-1,-1,-1
849,287,332.414,197.528,29.8362,67.7057,1,-1,-1,-1
850,287,328.59,198.443,30.6345,69.5173,1,-1,-1,-1
851,287,326.448,199.156,31.0084,70.3657,1,-1,-1,-1
851,295,422.76,196.213,35.6417,80.8795,1,-1,-1,-1
852,287,324.29,194.991,32.7071,74.2204,1,-1,-1,-1
852,295,425.468,196.378,34.6983,78.7387,1,-1,-1,-1
853,287,323.334,195.541,33.5687,76.1757,1,-1,-1,-1
853,295,424.503,194.2,35.9966,81.6845,1,-1,-1,-1
854,287,319.553,189.032,37.7491,85.6619,1,-1,-1,-1
854,295,427.312,193.073,36.6752,83.2239,1,-1,-1,-1
855,287,317.71,185.618,39.8336,90.3919,1,-1,-1,-1
855,295,433.451,194.857,35.1537,79.7717,1,-1,-1,-1
856,287,317.008,184.088,40.7145,92.3907,1,-1,-1,-1
856,297,454,150,74.286,168.57,1,-1,-1,-1
857,287,312.254,188.171,39.1453,88.8294,1,-1,-1,-1
858,287,307.493,186.306,39.8226,90.3663,1,-1,-1,-1
859,287,298.242,189.302,40.1411,91.0892,1,-1,-1,-1
860,287,292.868,191.648,38.423,87.1901,1,-1,-1,-1
860,297,430.416,158.483,74.286,168.57,1,-1,-1,-1
861,287,287.746,192.359,39.2077,88.9708,1,-1,-1,-1
861,297,428.664,154.275,74.286,168.57,1,-1,-1,-1
862,287,282.172,192.59,39.6967,90.0806,1,-1,-1,-1
863,287,279.785,188.522,39.9634,90.6858,1,-1,-1,-1
864,287,279.234,186.083,40.0829,90.957,1,-1,-1,-1
865,287,278.973,183.634,42.381,96.172,1,-1,-1,-1
865,297,435.836,160.225,65.252,148.07,1,-1,-1,-1
866,287,275.83,182.515,43.6141,98.9703,1,-1,-1,-1
866,297,437.606,159.902,65.7236,149.141,1,-1,-1,-1
867,287,276.04,205.048,35.0743,79.5916,1,-1,-1,-1
867,297,434.3,154.563,70.1743,159.24,1,-1,-1,-1
868,287,266.837,190.741,44.7809,101.618,1,-1,-1,-1
868,297,432.267,151.465,72.8154,165.233,1,-1,-1,-1
869,287,261.711,186.096,44.9935,102.101,1,-1,-1,-1
869,297,431.166,149.894,74.2,168.375,1,-1,-1,-1
870,287,255.32,179.951,49.6296,112.621,1,-1,-1,-1
871,287,253.556,182.063,49.603,112.561,1,-1,-1,-1
872,287,252.167,178.58,51.5973,117.086,1,-1,-1,-1
873,287,247.344,176.813,52.4976,119.129,1,-1,-1,-1
873,297,428.899,154.051,71.1514,161.457,1,-1,-1,-1
874,287,238.669,175.517,55.6045,126.18,1,-1,-1,-1
874,297,423.398,152.235,72.5708,164.678,1,-1,-1,-1
874,300,326.032,203.65,26.7927,60.7992,1,-1,-1,-1
875,287,229.635,168.142,60.2561,136.735,1,-1,-1,-1
875,297,414.013,157.385,73.5158,166.823,1,-1,-1,-1
875,300,323.462,204.585,26.2445,59.555,1,-1,-1,-1
876,287,220.112,160.783,65.9237,149.596,1,-1,-1,-1
876,297,413.633,158.504,70.5081,159.998,1,-1,-1,-1
876,300,321.172,202.408,27.5149,62.438,1,-1,-1,-1
877,287,215.111,160.642,65.3262,148.24,1,-1,-1,-1
877,297,409.538,154.249,72.341,164.157,1,-1,-1,-1
877,300,319.03,203.732,26.7449,60.6906,1,-1,-1,-1
878,287,208.182,161.263,64.4442,146.238,1,-1,-1,-1
878,297,407.709,151.599,73.4989,166.784,1,-1,-1,-1
878,300,316.964,202.156,27.6609,62.7694,1,-1,-1,-1
879,287,204.648,158.628,66.9722,151.975,1,-1,-1,-1
879,297,407.206,150.16,74.1428,168.245,1,-1,-1,-1
879,300,319.587,203.585,26.8305,60.8848,1,-1,-1,-1
880,297,400.424,149.523,74.442,168.924,1,-1,-1,-1
881,297,396.86,149.352,74.536,169.137,1,-1,-1,-1
882,297,391.896,141.851,77.869,176.702,1,-1,-1,-1
883,297,386.731,145.214,76.4021,173.373,1,-1,-1,-1
883,300,311.17,198.783,28.427,64.5081,1,-1,-1,-1
884,297,384.405,147.624,75.3413,170.965,1,-1,-1,-1
884,300,311.013,199.897,28.4764,64.6203,1,-1,-1,-1
885,297,383.711,153.661,71.1486,161.451,1,-1,-1,-1
885,300,311.151,200.594,28.4661,64.5969,1,-1,-1,-1
886,300,311.386,200.972,28.4328,64.5212,1,-1,-1,-1
897,302,373.108,149.416,76.7069,174.065,1,-1,-1,-1
898,302,381.358,149.929,74.4909,169.036,1,-1,-1,-1
898,304,265.217,202.325,26,59,1,-1,-1,-1
899,302,385.795,150.182,73.4981,166.783,1,-1,-1,-1
899,304,269.969,201.404,26,59,1,-1,-1,-1
900,302,387.701,150.253,73.2425,166.203,1,-1,-1,-1
900,304,271.848,203.566,26,59,1,-1,-1,-1
901,304,277.285,204.662,26,59,1,-1,-1,-1
902,304,282.191,202.825,26,59,1,-1,-1,-1
903,304,289.051,201.7,26,59,1,-1,-1,-1
903,305,178.304,194.274,31.1488,70.6838,1,-1,-1,-1
904,304,294.637,198.743,27.3702,62.1095,1,-1,-1,-1
905,304,302.282,194.851,28.1221,63.8159,1,-1,-1,-1
906,304,309.894,199.738,27.1616,61.6362,1,-1,-1,-1
907,304,317.963,202.892,26.5079,60.1526,1,-1,-1,-1
907,307,421.933,158.656,73.6434,167.112,1,-1,-1,-1
908,304,325.042,202.329,27.4854,62.3712,1,-1,-1,-1
908,307,416.183,137.951,95.6885,217.138,1,-1,-1,-1
909,304,330.916,201.83,28.0598,63.6746,1,-1,-1,-1
909,307,414.036,130.57,103.773,235.483,1,-1,-1,-1
910,304,333.773,201.424,27.034,61.3467,1,-1,-1,-1
910,307,425.493,129.26,101.388,230.072,1,-1,-1,-1
911,307,431.588,129.397,99.1594,225.018,1,-1,-1,-1
911,308,390.121,212.474,29.7585,67.5289,1,-1,-1,-1
912,307,434.42,138.294,97.3204,220.846,1,-1,-1,-1
912,308,384.818,208.467,30.0257,68.1353,1,-1,-1,-1
913,307,435.332,135.705,95.9778,217.8,1,-1,-1,-1
913,308,382.54,206.377,30.2696,68.6887,1,-1,-1,-1
914,304,340.449,201.619,27.2388,61.8114,1,-1,-1,-1
914,308,376.879,203.445,32.1389,72.9308,1,-1,-1,-1
915,308,373.028,203.752,31.565,71.6285,1,-1,-1,-1
916,308,366.183,204.129,31.1806,70.7562,1,-1,-1,-1
917,308,354.746,205.597,32.5353,73.8304,1,-1,-1,-1
918,308,344.832,201.135,37.189,84.3907,1,-1,-1,-1
919,308,332.64,207.593,33.2153,75.3736,1,-1,-1,-1
920,308,325.313,202.592,35.2305,79.9461,1,-1,-1,-1
920,313,416.18,133,94.545,214.55,1,-1,-1,-1
921,308,316.227,199.58,36.361,82.5112,1,-1,-1,-1
921,312,211.6,164.582,58.422,132.573,1,-1,-1,-1
922,308,304.815,200.261,35.0921,79.6321,1,-1,-1,-1
922,312,206.384,164.896,58.4014,132.527,1,-1,-1,-1
923,308,296.744,200.92,34.2263,77.6677,1,-1,-1,-1
923,312,198.063,160.075,64.7034,146.827,1,-1,-1,-1
924,308,284.337,199.085,35.6036,80.7925,1,-1,-1,-1
924,312,188.066,151.459,67.8426,153.951,1,-1,-1,-1
925,308,275.162,198.107,36.4075,82.6165,1,-1,-1,-1
925,312,185.134,156.679,65.9095,149.563,1,-1,-1,-1
925,314,323.086,201.997,27.3096,61.9719,1,-1,-1,-1
926,308,265.107,197.678,36.8153,83.5416,1,-1,-1,-1
926,312,179.468,152.241,71.3533,161.916,1,-1,-1,-1
927,308,261.977,199.825,35.1614,79.7891,1,-1,-1,-1
928,308,253.603,198.885,35.976,81.6373,1,-1,-1,-1
929,308,248.166,205.139,33.1523,75.2298,1,-1,-1,-1
930,308,241.63,198.961,34.8986,79.1924,1,-1,-1,-1
931,308,230.174,189.116,40.3215,91.4983,1,-1,-1,-1
931,315,340.504,202.82,27.0892,61.4716,1,-1,-1,-1
932,308,227.687,189.153,40.8919,92.7927,1,-1,-1,-1
932,315,343.462,208.523,25.6357,58.1733,1,-1,-1,-1
933,308,226.906,190.243,39.1595,88.8612,1,-1,-1,-1
933,315,345.648,201.508,28.4403,64.5376,1,-1,-1,-1
934,308,220.491,191.293,37.9167,86.0409,1,-1,-1,-1
934,315,349.424,195.823,31.5906,71.6865,1,-1,-1,-1
935,308,217.485,194.992,37.1438,84.2868,1,-1,-1,-1
935,315,351.133,192.884,33.1551,75.2371,1,-1,-1,-1
936,308,209.516,188.33,40.9846,93.0029,1,-1,-1,-1
937,308,202.8,189.75,40.8595,92.719,1,-1,-1,-1
942,315,390.771,189.815,36.052,81.8109,1,-1,-1,-1
945,320,239.536,192.226,25.8838,58.7364,1,-1,-1,-1
948,321,215.839,200.161,26,59,1,-1,-1,-1
949,321,214.727,201.273,26,59,1,-1,-1,-1
950,321,214.37,204.189,26,59,1,-1,-1,-1
951,321,211.916,203.059,26,59,1,-1,-1,-1
951,324,235.764,190.478,31.1389,70.6617,1,-1,-1,-1
952,321,208.387,202.217,26,59,1,-1,-1,-1
952,324,234.246,191.504,29.5343,67.0206,1,-1,-1,-1
953,321,204.883,199.277,27.3751,62.1205,1,-1,-1,-1
953,324,231.751,190.858,30.3537,68.8799,1,-1,-1,-1
954,321,202.642,194.09,29.6195,67.2136,1,-1,-1,-1
954,324,230.641,190.633,30.7543,69.7888,1,-1,-1,-1
955,321,201.75,194.694,28.0555,63.6645,1,-1,-1,-1
955,324,230.25,192.96,30.9348,70.1985,1,-1,-1,-1
956,321,198.748,194.286,29.7584,67.5288,1,-1,-1,-1
956,324,230.232,192.01,30.9932,70.3309,1,-1,-1,-1
957,321,194.453,194.295,30.67,69.5973,1,-1,-1,-1
957,324,226.852,185.494,34.5252,78.3455,1,-1,-1,-1
958,321,190.593,197.879,29.6627,67.3117,1,-1,-1,-1
958,324,225.637,187.635,33.0267,74.945,1,-1,-1,-1
959,321,185.935,194.789,32.0175,72.6556,1,-1,-1,-1
959,324,222.329,186.386,33.4671,75.9447,1,-1,-1,-1
960,321,183.219,194.691,31.7246,71.9906,1,-1,-1,-1
960,324,217.193,185.782,33.6677,76.4001,1,-1,-1,-1
961,321,179.343,192.4,31.4212,71.3021,1,-1,-1,-1
961,324,214.576,185.572,33.7275,76.5359,1,-1,-1,-1
962,321,171.85,191.712,32.7479,74.3129,1,-1,-1,-1
962,324,210.668,185.571,33.7159,76.5098,1,-1,-1,-1
963,321,168.113,191.5,33.455,75.9175,1,-1,-1,-1
963,324,205.992,189.128,33.6766,76.4206,1,-1,-1,-1
964,321,166.701,196.1,32.2445,73.1705,1,-1,-1,-1
964,324,202.065,188.292,35.5268,80.6186,1,-1,-1,-1
965,321,163.083,191.267,34.9218,79.2456,1,-1,-1,-1
965,324,200.41,184.239,36.5323,82.9,1,-1,-1,-1
966,321,158.103,188.424,36.3675,82.5258,1,-1,-1,-1
966,324,197.152,185.343,36.9965,83.953,1,-1,-1,-1
967,321,155.784,186.952,37.0419,84.056,1,-1,-1,-1
967,324,195.747,186.15,37.1442,84.288,1,-1,-1,-1
968,321,152.167,182.876,37.2673,84.5673,1,-1,-1,-1
968,324,191.943,183.196,37.1297,84.2549,1,-1,-1,-1
969,321,150.606,184.239,37.2604,84.5515,1,-1,-1,-1
969,324,192.431,178.551,35.2385,79.9639,1,-1,-1,-1
970,321,147.893,188.208,35.3514,80.2199,1,-1,-1,-1
970,324,190.291,178.995,34.0607,77.2916,1,-1,-1,-1
971,321,145.629,184.334,36.009,81.7121,1,-1,-1,-1
971,324,188.683,174.818,37.3218,84.6917,1,-1,-1,-1
972,324,183.936,171.328,43.9855,99.8131,1,-1,-1,-1
973,324,184.57,169.537,44.9756,102.06,1,-1,-1,-1
974,324,186.44,173.958,43.0426,97.6734,1,-1,-1,-1
975,324,186.628,171.724,43.7702,99.3246,1,-1,-1,-1
975,331,537.119,185.736,48.4867,110.027,1,-1,-1,-1
976,324,188.448,165.066,48.9428,111.063,1,-1,-1,-1
976,331,558.333,191.851,46.3943,105.279,1,-1,-1,-1
977,324,190.159,159.793,54.4804,123.629,1,-1,-1,-1
978,324,191.14,157.396,57.1362,129.656,1,-1,-1,-1
979,324,196.168,156.549,58.1681,131.999,1,-1,-1,-1
980,324,204.074,156.491,58.3371,132.383,1,-1,-1,-1
980,332,401.86,208.245,32.5683,73.905,1,-1,-1,-1
981,324,208.214,156.773,58.1118,131.871,1,-1,-1,-1
982,324,213.336,158.765,55.0431,124.907,1,-1,-1,-1
989,337,412.699,223.413,44.8057,101.675,1,-1,-1,-1
992,338,199.356,157.091,66.4426,150.773,1,-1,-1,-1
993,338,188.666,143.077,67.6842,153.59,1,-1,-1,-1
994,338,180.522,130.596,72.2322,163.91,1,-1,-1,-1
994,340,103.74,133.423,86.667,196.67,1,-1,-1,-1
995,338,171.097,121.873,82.0033,186.084,1,-1,-1,-1
995,340,86.0093,120.806,92.258,209.358,1,-1,-1,-1
996,338,158.76,113.545,97.1168,220.38,1,-1,-1,-1
996,340,63.9366,113.23,100.705,228.526,1,-1,-1,-1
997,338,160.555,123.395,90.9462,206.378,1,-1,-1,-1
998,338,149.602,124.27,83.0364,188.428,1,-1,-1,-1
999,338,131.383,108.108,95.3755,216.429,1,-1,-1,-1
1000,338,119.878,107.329,88.4581,200.732,1,-1,-1,-1
1001,343,338.07,214.242,44.5966,101.2,1,-1,-1,-1
1002,343,332.376,221.145,40.5983,92.1267,1,-1,-1,-1
1008,343,278.223,213.422,49.3033,111.88,1,-1,-1,-1
1009,343,274.342,210.048,51.6341,117.17,1,-1,-1,-1
1010,343,248.797,170.999,74.5819,169.244,1,-1,-1,-1
1011,343,228.485,152.064,84.755,192.33,1,-1,-1,-1
1012,343,223.543,151.591,85.3746,193.736,1,-1,-1,-1
1013,343,230.437,187.186,70.7962,160.654,1,-1,-1,-1
1014,343,231.492,198.904,65.2241,148.009,1,-1,-1,-1
1015,343,236.963,214.061,59.0597,134.021,1,-1,-1,-1
1016,343,236.515,217.538,58.998,133.88,1,-1,-1,-1
1022,349,310.708,220.835,25.7034,58.3271,1,-1,-1,-1
1022,350,461,113.803,125.53,284.85,1,-1,-1,-1
1023,349,305.402,217.377,27.2606,61.861,1,-1,-1,-1
1023,350,446.986,119.365,125.53,284.85,1,-1,-1,-1
1024,349,294.959,215.611,27.9714,63.4741,1,-1,-1,-1
1024,350,428.818,121.15,125.53,284.85,1,-1,-1,-1
1025,349,284.726,214.649,28.3069,64.2354,1,-1,-1,-1
1025,350,420.489,121.326,125.53,284.85,1,-1,-1,-1
1033,356,266.24,206.863,33.6714,76.4091,1,-1,-1,-1
1034,356,260.922,203.389,33.6444,76.3478,1,-1,-1,-1
1035,356,255.98,201.914,33.6192,76.2905,1,-1,-1,-1
1036,356,251.175,201.345,33.5972,76.2407,1,-1,-1,-1
1037,356,245.819,201.23,33.5792,76.1997,1,-1,-1,-1
1038,356,241.268,202.454,35.4708,80.4917,1,-1,-1,-1
1039,356,239.514,203.316,36.498,82.8223,1,-1,-1,-1
1039,361,151.73,226.276,28.4359,64.5283,1,-1,-1,-1
1040,356,233.493,207.274,38.8687,88.2018,1,-1,-1,-1
1040,361,147.306,234.333,28.1728,63.9312,1,-1,-1,-1
1041,356,230.67,209.554,40.0557,90.8954,1,-1,-1,-1
1041,361,141.062,227.813,33.7131,76.5029,1,-1,-1,-1
1042,356,226.288,207.15,40.5347,91.9823,1,-1,-1,-1
1042,361,134.299,225.498,34.2767,77.782,1,-1,-1,-1
1043,356,217.438,201.432,42.8643,97.2689,1,-1,-1,-1
1043,361,121.842,224.587,32.8556,74.5572,1,-1,-1,-1
1044,356,213.018,198.154,44.0107,99.8703,1,-1,-1,-1
1045,356,211.36,196.544,44.4536,100.876,1,-1,-1,-1
1046,356,205.416,193.635,46.8616,106.34,1,-1,-1,-1
1047,356,200.299,198.623,45.767,103.856,1,-1,-1,-1
1048,356,196.894,195.406,49.6794,112.734,1,-1,-1,-1
1049,356,195.732,189.038,51.7112,117.345,1,-1,-1,-1
1050,356,199.154,186.05,50.2983,114.138,1,-1,-1,-1
1051,356,201.597,184.788,49.1997,111.645,1,-1,-1,-1
1052,356,204.274,183.919,50.849,115.388,1,-1,-1,-1
1053,356,205.767,183.794,51.7643,117.465,1,-1,-1,-1
1054,356,211.072,179.369,52.1938,118.44,1,-1,-1,-1
1055,370,249.381,150.99,73.6471,167.121,1,-1,-1,-1
1056,370,242.509,154.061,71.3072,161.811,1,-1,-1,-1
1058,356,195.221,168.157,59.093,134.096,1,-1,-1,-1
1058,372,344.575,123.959,110.04,249.704,1,-1,-1,-1
1059,356,188.362,154.406,65.1262,147.786,1,-1,-1,-1
1059,372,354.148,121.674,112.337,254.914,1,-1,-1,-1
1060,356,186.774,157.044,64.7946,147.033,1,-1,-1,-1
1060,370,239.346,135.731,78.4444,178.008,1,-1,-1,-1
1060,372,361.648,105.645,121.745,276.262,1,-1,-1,-1
1061,356,192.281,155.94,61.1863,138.846,1,-1,-1,-1
1061,370,244.831,142.459,76.9153,174.537,1,-1,-1,-1
1061,372,372.263,112.336,118.037,267.848,1,-1,-1,-1
1062,356,188.463,149.545,65.2302,148.023,1,-1,-1,-1
1062,370,237.583,132.387,79.0227,179.32,1,-1,-1,-1
1062,372,377.36,116.932,115.356,261.763,1,-1,-1,-1
1063,356,182.867,141.676,71.1446,161.443,1,-1,-1,-1
1063,372,372.231,105.845,121.49,275.683,1,-1,-1,-1
1064,356,184.022,103.656,92.5151,209.938,1,-1,-1,-1
1064,372,368.457,99.699,124.794,283.18,1,-1,-1,-1
1065,356,176.789,84.7959,102.457,232.499,1,-1,-1,-1
1065,372,365.967,96.7904,126.311,286.622,1,-1,-1,-1
1066,356,171.185,80.1076,111.269,252.494,1,-1,-1,-1
1066,372,364.515,95.8166,126.786,287.7,1,-1,-1,-1
1067,356,158.069,79.9854,114.932,260.804,1,-1,-1,-1
1067,372,370.601,99.5989,119.178,270.436,1,-1,-1,-1
1068,356,139.563,76.4716,123.61,280.495,1,-1,-1,-1
1068,372,376.584,107.493,109.879,249.336,1,-1,-1,-1
1069,356,130.09,75.7195,127.479,289.274,1,-1,-1,-1
1069,372,379.942,121.712,104.482,237.092,1,-1,-1,-1
1070,356,126.295,76.1071,128.684,292.007,1,-1,-1,-1
1070,372,390.665,120.262,102.019,231.503,1,-1,-1,-1
1071,356,92.1255,99.4056,128.549,291.703,1,-1,-1,-1
1071,372,395.039,122.787,106.195,240.978,1,-1,-1,-1
1073,377,242.807,193.339,28.326,64.279,1,-1,-1,-1
1074,377,244.652,191.87,30.0651,68.2253,1,-1,-1,-1
1075,377,245.408,188.048,30.8183,69.9343,1,-1,-1,-1
1076,377,246.234,183.149,32.756,74.3316,1,-1,-1,-1
1077,377,246.55,177.83,33.67,76.4057,1,-1,-1,-1
1078,377,248.875,175.191,32.5044,73.7605,1,-1,-1,-1
1079,377,251.251,171.375,33.2188,75.3817,1,-1,-1,-1
1079,381,102,128.618,52,118,1,-1,-1,-1
1080,377,248.346,172.552,32.0501,72.7295,1,-1,-1,-1
1080,381,96.3943,128.702,52,118,1,-1,-1,-1
1081,377,241.234,176.656,32.8643,74.5773,1,-1,-1,-1
1081,381,83.0897,130.643,55.1695,125.193,1,-1,-1,-1
1082,377,237.162,179.287,33.342,75.6613,1,-1,-1,-1
1082,381,73.6189,150.009,49.1632,111.563,1,-1,-1,-1
1083,377,232.315,177.86,33.5836,76.2097,1,-1,-1,-1
1083,381,66.01,160.64,45.4787,103.202,1,-1,-1,-1
1084,377,223.58,175.003,37.5304,85.1657,1,-1,-1,-1
1085,377,218.639,175.25,37.7208,85.5971,1,-1,-1,-1
1086,377,213.737,175.506,37.6077,85.3401,1,-1,-1,-1
1087,377,208.253,178.604,37.3889,84.8434,1,-1,-1,-1
1088,377,205.888,177.513,37.1694,84.3451,1,-1,-1,-1
1099,385,153.937,208.769,48.9837,111.155,1,-1,-1,-1
1100,385,150.464,200.896,50.6802,115.005,1,-1,-1,-1
1101,385,138.91,196.803,51.4902,116.843,1,-1,-1,-1
1102,385,128.681,194.55,51.8925,117.756,1,-1,-1,-1
1103,385,121.011,187.995,54.9913,124.789,1,-1,-1,-1
1104,385,116.058,194.36,53.8102,122.108,1,-1,-1,-1
1105,385,110.892,193.752,55.7683,126.552,1,-1,-1,-1
1106,385,103.715,188.092,59.9504,136.042,1,-1,-1,-1
1107,385,94.1915,181.997,65.5251,148.692,1,-1,-1,-1
1108,385,81.0967,175.444,71.9133,163.188,1,-1,-1,-1
1109,385,77.082,175.733,71.409,162.043,1,-1,-1,-1
1144,399,236.159,198.17,43.211,98.0556,1,-1,-1,-1
1145,399,228.246,196.331,44.2095,100.322,1,-1,-1,-1
1146,399,225.197,195.781,44.5072,100.997,1,-1,-1,-1
1147,399,220.666,200,44.5156,101.016,1,-1,-1,-1
1149,401,171.691,132.269,117.562,266.77,1,-1,-1,-1
1150,401,178.231,124.719,122.765,278.576,1,-1,-1,-1
1151,401,190.607,108.617,125.351,284.444,1,-1,-1,-1
1152,401,206.539,99.8351,126.448,286.933,1,-1,-1,-1
1153,401,213.524,95.78,126.722,287.555,1,-1,-1,-1
1154,401,226.917,94.5233,126.596,287.268,1,-1,-1,-1
1155,401,254.57,156.999,102.691,233.027,1,-1,-1,-1
1160,409,112.125,169.1,55.662,126.311,1,-1,-1,-1
1161,411,202.763,127.437,109.745,249.038,1,-1,-1,-1
1162,411,234.337,164.846,90.8657,206.195,1,-1,-1,-1
1163,411,235.987,163.192,92.9444,210.913,1,-1,-1,-1
1163,413,345.703,103.707,122.816,278.692,1,-1,-1,-1
1164,411,251.069,183.843,85.4707,193.954,1,-1,-1,-1
1164,413,361.226,97.0546,126.4,286.825,1,-1,-1,-1
1165,411,247.618,149.379,101,229.192,1,-1,-1,-1
1165,413,367.278,107.628,127.529,289.386,1,-1,-1,-1
1166,411,252.808,144.401,104.244,236.552,1,-1,-1,-1
1166,413,397.372,125.877,119.792,271.83,1,-1,-1,-1
1167,411,266.418,128.763,110.173,250.006,1,-1,-1,-1
1167,413,407.069,123.652,122.957,279.011,1,-1,-1,-1
1168,411,289.483,125.396,108.431,246.054,1,-1,-1,-1
1168,413,421.776,121.647,124.759,283.101,1,-1,-1,-1
1169,411,325.073,162.916,94.0754,213.478,1,-1,-1,-1
1169,413,439.017,108.503,125.666,285.158,1,-1,-1,-1
1170,411,347.357,156.622,98.3554,223.191,1,-1,-1,-1
1171,411,356.913,151.84,101.271,229.807,1,-1,-1,-1
1172,411,374.708,157.838,97.6277,221.541,1,-1,-1,-1
1173,411,399.063,161.273,95.4138,216.518,1,-1,-1,-1
1173,413,517.757,95.8328,125.838,285.548,1,-1,-1,-1
1174,413,537.527,95.9503,125.728,285.3,1,-1,-1,-1
1174,418,93.9088,231.368,109.422,248.299,1,-1,-1,-1
1175,418,111.281,227.998,105.636,239.71,1,-1,-1,-1
1176,418,133.627,225.784,109.165,247.716,1,-1,-1,-1
1177,418,155.829,225.388,106.191,240.969,1,-1,-1,-1
1178,418,172.644,214.735,109.292,248.005,1,-1,-1,-1
1179,418,188.871,218.861,111.094,252.094,1,-1,-1,-1
1180,418,215.388,221.848,112.029,254.214,1,-1,-1,-1
1181,418,227.72,223.754,112.417,255.094,1,-1,-1,-1
1182,418,241.371,224.814,112.497,255.275,1,-1,-1,-1
1183,418,266.095,225.299,112.431,255.125,1,-1,-1,-1
1183,422,119.64,192.884,26,59,1,-1,-1,-1
1184,418,288.145,215.613,112.316,254.866,1,-1,-1,-1
1184,422,120.049,192.461,26,59,1,-1,-1,-1
1185,418,303.568,201.778,107.656,244.291,1,-1,-1,-1
1185,422,117.655,192.39,26,59,1,-1,-1,-1
1186,418,313.404,202.473,109.538,248.562,1,-1,-1,-1
1186,422,113.801,192.48,26,59,1,-1,-1,-1
1187,418,330.685,214.293,106.223,241.041,1,-1,-1,-1
1188,418,344.015,211.25,109.022,247.392,1,-1,-1,-1
1189,418,361.82,200.925,118.879,269.76,1,-1,-1,-1
1190,418,380.889,184.448,124.153,281.726,1,-1,-1,-1
1191,418,396.613,204.429,114.753,260.398,1,-1,-1,-1
1192,418,411.966,207.275,112.863,256.107,1,-1,-1,-1
1193,418,424.512,189.338,119.891,272.054,1,-1,-1,-1
1194,418,429.352,178.969,123.888,281.124,1,-1,-1,-1
