4,1,748.744,152.562,32.441,55.121,1,-1,-1,-1
7,1,749.346,152.584,33.6885,52.7758,1,-1,-1,-1
8,1,751.526,155.369,32.3013,52.43,1,-1,-1,-1
9,1,753.157,155.645,32.9985,52.8638,1,-1,-1,-1
13,2,770.909,154.447,36.807,64.1738,1,-1,-1,-1
16,5,795.249,159.706,42.3831,63.8796,1,-1,-1,-1
17,5,802.474,167.007,41.7653,71.097,1,-1,-1,-1
18,5,808.647,164.777,44.3112,81.0673,1,-1,-1,-1
22,14,863.693,154.623,49.4397,83.1861,1,-1,-1,-1
24,15,916.893,156.905,41.6851,103.125,1,-1,-1,-1
24,16,969.415,162.309,45.3717,98.347,1,-1,-1,-1
25,15,934.972,160.967,44.3794,104.476,1,-1,-1,-1
25,16,995.306,164.442,49.2153,112.628,1,-1,-1,-1
26,16,1031.49,163.88,53.875,127.241,1,-1,-1,-1
27,16,1063.7,157.665,59.7415,147.187,1,-1,-1,-1
28,16,1104.66,157.277,63.0661,156.16,1,-1,-1,-1
42,23,309.408,176.35,36.1342,57.863,1,-1,-1,-1
43,23,297.426,180.674,35.244,58.2703,1,-1,-1,-1
44,23,283.703,188.402,35.0854,59.464,1,-1,-1,-1
45,23,265.792,183.652,38.9121,69.2106,1,-1,-1,-1
46,23,240.43,187.762,39.4822,73.9649,1,-1,-1,-1
47,23,216.64,190.5,38.686,75.3954,1,-1,-1,-1
48,23,192.764,188.64,42.1859,82.7962,1,-1,-1,-1
48,27,77.238,148.347,41.9607,101.605,1,-1,-1,-1
49,23,165.805,184.689,46.8371,92.7038,1,-1,-1,-1
49,27,48.1622,154.399,42.9832,101.57,1,-1,-1,-1
50,23,135.626,189.616,47.0005,94.515,1,-1,-1,-1
50,27,17.1801,158.67,40.363,94.0114,1,-1,-1,-1
51,23,98.9083,183.731,55.6707,111.654,1,-1,-1,-1
51,25,585.484,139.885,49.4087,52.2113,1,-1,-1,-1
52,23,58.1394,190.649,57.3535,117.544,1,-1,-1,-1
52,25,583.797,136.86,50.6986,57.8323,1,-1,-1,-1
53,23,13.4207,191.697,60.3853,130.117,1,-1,-1,-1
53,25,585.125,140.052,51.0441,55.6157,1,-1,-1,-1
54,25,586.023,135.825,51.6199,61.6116,1,-1,-1,-1
55,25,584.629,136.846,49.5728,58.0171,1,-1,-1,-1
56,29,323.737,153.728,37.8414,80.6537,1,-1,-1,-1
57,29,320.391,154.777,40.7843,80.2901,1,-1,-1,-1
58,29,308.246,158.381,43.8244,92.043,1,-1,-1,-1
59,25,576.929,129.842,50.6863,62.8289,1,-1,-1,-1
59,29,292.15,163.248,42.4981,90.0795,1,-1,-1,-1
60,25,572.867,133.681,46.9415,58.371,1,-1,-1,-1
60,29,267.154,168.481,44.9751,90.5425,1,-1,-1,-1
61,25,574.042,136.586,44.9738,54.9985,1,-1,-1,-1
61,29,240.76,169.326,48.6082,93.9333,1,-1,-1,-1
62,25,571.327,134.584,43.0597,57.1035,1,-1,-1,-1
62,29,212.499,167.296,56.2794,107.947,1,-1,-1,-1
63,25,565.903,136.045,46.2221,61.9321,1,-1,-1,-1
63,29,184.699,166.182,56.2789,109.806,1,-1,-1,-1
63,33,729.497,155.359,33.6688,72.1829,1,-1,-1,-1
64,25,563.138,134.243,48.0653,67.8965,1,-1,-1,-1
64,29,154.164,159.361,62.3991,126.715,1,-1,-1,-1
64,33,740.338,156.906,34.5219,69.6124,1,-1,-1,-1
64,34,797.535,156.439,37.2075,85.6547,1,-1,-1,-1
65,25,564.615,130.724,46.0218,66.4666,1,-1,-1,-1
65,29,121.546,161.717,62.105,132.633,1,-1,-1,-1
65,34,800.676,158.17,37.3713,88.3723,1,-1,-1,-1
66,25,559.721,133.624,43.3094,63.4858,1,-1,-1,-1
66,29,76.505,154.467,68.4031,142.431,1,-1,-1,-1
66,34,797.598,157.46,39.574,94.8848,1,-1,-1,-1
67,25,557.016,132.183,41.0151,60.565,1,-1,-1,-1
67,29,36.1631,151.236,66.6369,145.132,1,-1,-1,-1
67,34,805.868,156.563,41.166,99.738,1,-1,-1,-1
68,25,552.508,125.441,47.9725,67.2739,1,-1,-1,-1
68,29,2.80201,155.46,62.6768,153.285,1,-1,-1,-1
69,25,548.035,129.915,48.1142,67.615,1,-1,-1,-1
71,34,860.006,157.383,46.492,108.667,1,-1,-1,-1
72,34,877.492,148.589,58.2633,135.703,1,-1,-1,-1
73,34,892.087,147.716,74.1067,150.514,1,-1,-1,-1
73,47,748.05,155.363,45.9229,91.8382,1,-1,-1,-1
74,34,924.562,150.531,72.7596,151.953,1,-1,-1,-1
74,45,326.072,172.612,34.0389,70.4212,1,-1,-1,-1
75,34,952.797,146.974,78.8033,164.462,1,-1,-1,-1
75,45,310.721,177.487,31.596,67.6512,1,-1,-1,-1
75,52,764.421,165.728,33.1669,77.4613,1,-1,-1,-1
75,54,1015.03,156.295,56.3309,129.71,1,-1,-1,-1
76,34,981.953,144.545,92.4231,179.448,1,-1,-1,-1
76,54,1047.87,156.477,58.1995,140.503,1,-1,-1,-1
77,54,1054.37,150.24,83.6499,185.69,1,-1,-1,-1
77,55,185.634,165.738,39.2761,90.1198,1,-1,-1,-1
78,54,1074.85,157.034,106.269,204.488,1,-1,-1,-1
78,55,167.946,167.409,38.9488,88.5098,1,-1,-1,-1
79,54,1126.16,156.696,105.436,216.866,1,-1,-1,-1
79,55,143.164,164.235,46.712,98.8129,1,-1,-1,-1
79,57,798.321,169.053,47.8716,101.083,1,-1,-1,-1
80,55,125.367,171.624,43.9719,99.0181,1,-1,-1,-1
81,34,1199.92,178.817,49.9307,143.264,1,-1,-1,-1
81,55,102.013,175.15,45.4198,99.3819,1,-1,-1,-1
81,60,176.01,182.731,43.6074,96.1498,1,-1,-1,-1
82,55,70.2223,173.752,54.022,114.369,1,-1,-1,-1
82,60,146.755,180.146,43.5579,100.361,1,-1,-1,-1
83,55,42.4782,181.944,52.0274,112.515,1,-1,-1,-1
83,57,836.575,189.61,35.9058,95.8313,1,-1,-1,-1
83,60,111.406,177.406,47.823,117.112,1,-1,-1,-1
84,55,14.6743,175.616,57.1218,124.289,1,-1,-1,-1
84,57,845.694,189.214,37.2716,98.641,1,-1,-1,-1
84,60,64.8598,170.292,51.9295,130.147,1,-1,-1,-1
84,64,898.316,147.51,62.2692,205.541,1,-1,-1,-1
85,57,859.065,202.349,38.4623,98.7393,1,-1,-1,-1
85,60,22.8009,172.494,56.9195,144.656,1,-1,-1,-1
85,62,406.925,160.047,32.8933,63.2941,1,-1,-1,-1
85,64,925.433,132.113,74.6996,235.807,1,-1,-1,-1
86,57,878.946,207.401,38.5011,101.054,1,-1,-1,-1
86,64,957.831,130.185,85.251,244.199,1,-1,-1,-1
87,64,1007.24,124.834,98.2677,255.103,1,-1,-1,-1
88,64,1055.43,115.881,126.532,271.442,1,-1,-1,-1
88,67,94.2614,176.691,47.742,82.8634,1,-1,-1,-1
89,64,1126.3,117.818,108.643,243.57,1,-1,-1,-1
89,67,62.7275,174.886,49.4855,82.4232,1,-1,-1,-1
90,67,34.6601,174.176,52.1588,85.5641,1,-1,-1,-1
99,96,941.718,150.121,29.0843,82.0749,1,-1,-1,-1
99,97,844.006,175.988,46.5394,58.1136,1,-1,-1,-1
100,96,947.026,159.714,31.4065,83.8332,1,-1,-1,-1
100,97,853.071,174.703,48.4234,55.8354,1,-1,-1,-1
101,96,958.207,158.929,31.2043,81.9557,1,-1,-1,-1
101,97,861.896,170.253,51.2148,62.0738,1,-1,-1,-1
101,100,1062.13,162.074,41.917,101.597,1,-1,-1,-1
102,96,967.438,159.068,31.9525,82.4044,1,-1,-1,-1
102,97,867.359,173.42,52.3704,61.0411,1,-1,-1,-1
102,100,1079.78,155.907,43.9662,108.196,1,-1,-1,-1
103,96,978.072,164.911,30.4307,72.7293,1,-1,-1,-1
103,97,878.196,175.197,47.8619,57.6571,1,-1,-1,-1
103,100,1102.33,154.079,45.4378,115.514,1,-1,-1,-1
104,96,986.159,165.194,35.2024,77.4584,1,-1,-1,-1
104,97,885.713,173.818,51.5497,62.673,1,-1,-1,-1
104,100,1129.19,153.836,46.5393,120.848,1,-1,-1,-1
105,96,997.702,165.977,37.5582,82.2206,1,-1,-1,-1
105,97,889.054,168.491,55.7727,66.9372,1,-1,-1,-1
105,100,1151.47,147.562,54.6279,124.075,1,-1,-1,-1
106,96,1013.81,163.305,38.4902,86.0942,1,-1,-1,-1
106,97,897.773,168.692,56.2463,68.903,1,-1,-1,-1
106,100,1180.68,154.526,50.6303,114.187,1,-1,-1,-1
107,96,1023.57,165.828,41.3277,90.4118,1,-1,-1,-1
107,97,907.486,177.567,62.0336,70.5633,1,-1,-1,-1
108,96,1036.85,167.757,44.8206,96.4817,1,-1,-1,-1
108,97,916.626,178.145,70.3391,74.8732,1,-1,-1,-1
109,96,1054.75,168.078,45.819,101.576,1,-1,-1,-1
109,97,928.635,179.619,73.5769,78.1916,1,-1,-1,-1
109,103,152.679,149.836,42.5338,81.2383,1,-1,-1,-1
110,96,1074.17,158.458,44.6306,96.242,1,-1,-1,-1
110,97,938.329,181.829,81.1786,80.6941,1,-1,-1,-1
110,103,137.951,151.563,41.664,82.4775,1,-1,-1,-1
111,96,1097.2,155.876,44.0198,93.7511,1,-1,-1,-1
111,103,121.759,153.545,40.5523,76.9612,1,-1,-1,-1
112,96,1121.2,150.228,48.748,99.0562,1,-1,-1,-1
112,103,96.5354,151.215,44.5562,83.8006,1,-1,-1,-1
113,96,1140.92,150.968,57.6487,109.858,1,-1,-1,-1
113,103,71.4767,149.549,48.502,91.3324,1,-1,-1,-1
114,96,1166.38,155.668,55.2373,104.019,1,-1,-1,-1
114,103,42.9824,148.191,50.6081,93.1048,1,-1,-1,-1
115,96,1192.9,155.38,50.7542,101.196,1,-1,-1,-1
115,103,14.4093,152.071,50.7963,95.2772,1,-1,-1,-1
116,103,0.2787,158.632,46.486,90.1345,1,-1,-1,-1
116,105,441.779,174.324,29.8325,71.3497,1,-1,-1,-1
117,105,432.287,170.112,37.1725,79.1051,1,-1,-1,-1
118,105,426.653,173.315,39.2928,86.9316,1,-1,-1,-1
119,105,413.384,177.912,38.8124,85.3847,1,-1,-1,-1
120,105,405.199,178.639,39.6503,81.952,1,-1,-1,-1
121,105,391.753,179.335,40.199,86.7577,1,-1,-1,-1
122,105,379.225,181.124,42.2433,93.4054,1,-1,-1,-1
123,105,367.326,182.428,41.6495,91.6881,1,-1,-1,-1
124,105,342.326,178.631,49.3684,103.172,1,-1,-1,-1
125,105,328.502,183.695,46.5294,101.058,1,-1,-1,-1
126,105,309.634,185.153,45.9151,102.588,1,-1,-1,-1
127,105,289.197,186.224,48.972,112.633,1,-1,-1,-1
128,105,262.48,179.872,53.5242,130.951,1,-1,-1,-1
129,105,230.467,182.97,59.7419,144.517,1,-1,-1,-1
130,105,189.917,176.362,73.4445,172.189,1,-1,-1,-1
131,105,139.662,180.978,85.1505,183.919,1,-1,-1,-1
132,105,86.4485,181.574,94.611,196.695,1,-1,-1,-1
133,105,23.4496,183.377,97.6711,199.39,1,-1,-1,-1
143,119,666.562,150.19,37.7273,103.61,1,-1,-1,-1
144,119,670.064,154.072,35.7461,99.5801,1,-1,-1,-1
145,119,680.256,151.712,35.6091,99.9673,1,-1,-1,-1
146,119,681,143.353,37.8641,107.508,1,-1,-1,-1
147,119,682.873,138.039,42.0298,119.213,1,-1,-1,-1
148,119,693.561,146.235,40.5271,108.749,1,-1,-1,-1
149,119,694.982,147.506,38.7604,107.441,1,-1,-1,-1
150,119,710.531,153.934,38.7005,101.402,1,-1,-1,-1
172,130,1119.38,167.609,75.6018,89.8208,1,-1,-1,-1
173,130,1146,162.223,72.3175,92.3937,1,-1,-1,-1
220,139,745.92,158.423,31.8304,83.7421,1,-1,-1,-1
221,139,746.722,157.206,30.6053,82.28,1,-1,-1,-1
222,139,748.708,157.899,32.426,88.8377,1,-1,-1,-1
223,139,746.526,154.649,38.6665,98.8474,1,-1,-1,-1
224,139,750.298,159.206,38.7785,101.451,1,-1,-1,-1
224,142,1156.78,12.9656,59.88,121.709,1,-1,-1,-1
225,139,752.023,164.924,39.822,107.268,1,-1,-1,-1
225,143,837.533,162.792,45.3677,99.7928,1,-1,-1,-1
226,139,758.996,165.932,41.4756,108.924,1,-1,-1,-1
226,143,848.547,163.591,46.607,101.2,1,-1,-1,-1
227,139,763.036,165.834,45.8115,117.937,1,-1,-1,-1
227,143,864.605,162.896,51.4194,107.974,1,-1,-1,-1
228,139,773.311,173.874,51.4503,118.901,1,-1,-1,-1
228,143,881.075,166.139,54.9931,117.583,1,-1,-1,-1
229,139,790.381,176.357,60.0787,132.164,1,-1,-1,-1
229,143,891.185,164.933,59.4939,127.308,1,-1,-1,-1
230,139,803.455,183.355,63.9497,141.269,1,-1,-1,-1
230,143,907.493,159.851,72.7613,147.331,1,-1,-1,-1
231,139,821.147,193.928,62.9678,136.932,1,-1,-1,-1
231,143,926.493,153.894,78.0783,148.608,1,-1,-1,-1
232,139,838.504,193.072,64.7254,147.575,1,-1,-1,-1
232,143,958.728,148.744,83.0451,144.135,1,-1,-1,-1
233,139,856.645,188.705,74.7978,159.539,1,-1,-1,-1
233,143,976.667,149.507,105.364,169.687,1,-1,-1,-1
234,139,871.376,186.982,85.9505,163.936,1,-1,-1,-1
234,143,1003.56,147.761,126.391,185.493,1,-1,-1,-1
235,139,897.086,186.802,94.5129,160.251,1,-1,-1,-1
235,143,1043.62,144.687,140.814,195.102,1,-1,-1,-1
236,139,932.969,184.842,115.95,175.578,1,-1,-1,-1
236,143,1083.61,141.979,149.954,203.315,1,-1,-1,-1
237,139,977.109,179.207,96.1598,162.553,1,-1,-1,-1
237,143,1136.69,149.963,123.83,186.925,1,-1,-1,-1
241,139,1105.35,155.748,52.4222,100.048,1,-1,-1,-1
241,155,733.536,163.201,29.2626,61.3699,1,-1,-1,-1
242,155,732.816,154.42,29.7222,59.295,1,-1,-1,-1
243,157,715.894,159.158,29.104,60.7906,1,-1,-1,-1
244,157,720.434,156.186,29.0252,62.7121,1,-1,-1,-1
245,157,722.03,156.616,28.8824,62.634,1,-1,-1,-1
245,160,1154.48,150.01,83.5564,138.385,1,-1,-1,-1
246,160,1165.67,156.153,81.2786,141.042,1,-1,-1,-1
247,160,1191.66,167.707,60.627,126.268,1,-1,-1,-1
248,164,425.13,167.975,46.8461,74.0032,1,-1,-1,-1
249,164,413.155,172.639,44.2864,75.6312,1,-1,-1,-1
250,164,398.628,173.552,40.6923,77.5384,1,-1,-1,-1
251,164,382.843,177.665,37.7032,77.2327,1,-1,-1,-1
252,164,362.161,177.241,45.8484,89.6486,1,-1,-1,-1
253,164,348.427,184.2,44.2468,94.1726,1,-1,-1,-1
254,164,329.728,181.435,45.7308,105.918,1,-1,-1,-1
254,167,419.675,171.749,34.7271,94.89,1,-1,-1,-1
255,164,318.835,186.075,41.9141,105.997,1,-1,-1,-1
255,167,402.898,168.404,49.5835,106.421,1,-1,-1,-1
256,164,289.847,175.298,57.1291,143.978,1,-1,-1,-1
256,171,705.143,161.297,36.0826,83.7724,1,-1,-1,-1
257,164,263.053,176.526,59.736,159.177,1,-1,-1,-1
258,164,233.984,173.034,62.1844,174.151,1,-1,-1,-1
258,172,320.862,178.495,30.7077,104.933,1,-1,-1,-1
259,164,197.173,163.981,73.9323,200.732,1,-1,-1,-1
259,172,294.544,173.917,53.2923,121.579,1,-1,-1,-1
259,175,748.524,172.396,42.2371,83.5545,1,-1,-1,-1
259,176,334.436,186.051,41.2131,106.497,1,-1,-1,-1
260,164,164.743,160.009,73.7729,205.894,1,-1,-1,-1
260,172,278.569,179.771,61.3207,124.196,1,-1,-1,-1
260,173,357.424,195.412,43.9025,100.125,1,-1,-1,-1
260,175,763.03,167.888,44.5792,94.866,1,-1,-1,-1
260,176,337.788,187.622,44.3697,118.831,1,-1,-1,-1
261,164,117.423,153.781,83.2758,222.848,1,-1,-1,-1
261,172,269.044,182.024,56.4243,123.476,1,-1,-1,-1
261,173,355.491,189.798,39.5713,104.673,1,-1,-1,-1
261,175,783.689,165.59,45.2839,92.9962,1,-1,-1,-1
261,176,324.563,182.97,55.9168,144.217,1,-1,-1,-1
262,172,253.204,177.521,55.1766,130.788,1,-1,-1,-1
262,175,804.183,163.167,43.4281,95.3026,1,-1,-1,-1
262,176,310.924,173.047,63.7414,168.27,1,-1,-1,-1
263,172,242.12,177.164,50.3319,133.593,1,-1,-1,-1
263,175,823.015,157.365,45.3128,104.225,1,-1,-1,-1
263,177,353.211,175.418,62.2278,130.524,1,-1,-1,-1
263,179,201.384,209.462,41.9838,103.805,1,-1,-1,-1
264,175,850.033,162.302,44.8603,108.775,1,-1,-1,-1
264,177,350.133,176.067,55.7707,129.627,1,-1,-1,-1
264,179,175.423,207.984,49.9369,121.476,1,-1,-1,-1
264,181,816.682,160.928,40.5279,107.267,1,-1,-1,-1
265,175,874.818,161.591,48.168,122.168,1,-1,-1,-1
265,177,335.89,175.417,67.6475,146.278,1,-1,-1,-1
265,179,142.45,205.713,59.2988,141.651,1,-1,-1,-1
265,181,836.518,165.135,41.8172,110.803,1,-1,-1,-1
265,184,202.511,163.682,79.8856,213.346,1,-1,-1,-1
266,175,908.349,163.542,49.2339,126.864,1,-1,-1,-1
266,177,321.374,168.942,77.007,152.663,1,-1,-1,-1
266,179,100.787,190.203,66.1709,163.092,1,-1,-1,-1
266,181,850.206,158.002,50.8939,132.905,1,-1,-1,-1
266,184,137.709,158.368,101.936,224.374,1,-1,-1,-1
267,175,940.482,165.69,54.0818,141.965,1,-1,-1,-1
267,177,310.005,174.602,79.8336,164.522,1,-1,-1,-1
267,179,60.0099,160.514,94.2861,208.607,1,-1,-1,-1
267,181,878.064,155.957,56.0291,149.209,1,-1,-1,-1
267,187,397.834,174.345,45.939,113.342,1,-1,-1,-1
268,175,976.232,157.297,61.5166,160.678,1,-1,-1,-1
268,177,286.824,179.308,79.2756,177.596,1,-1,-1,-1
268,179,9.33941,162.44,87.8906,209.683,1,-1,-1,-1
268,181,907.509,158.938,55.4016,155.065,1,-1,-1,-1
268,187,389.492,170.929,46.0469,115.464,1,-1,-1,-1
269,175,1020.44,154.473,65.2927,175.399,1,-1,-1,-1
269,177,257.628,176.158,83.2585,187.108,1,-1,-1,-1
269,181,941.817,151.807,63.9368,183.393,1,-1,-1,-1
269,187,381.943,177.849,41.0204,107.706,1,-1,-1,-1
270,175,1066.99,147.955,77.5032,192.319,1,-1,-1,-1
270,177,210.636,169.754,98.3179,207.323,1,-1,-1,-1
270,181,978.416,147.596,71.082,201.187,1,-1,-1,-1
270,187,371.881,172.153,44.4202,120.884,1,-1,-1,-1
271,175,1117.24,139.135,89.2355,220.994,1,-1,-1,-1
271,177,151.301,164.51,109.482,214.614,1,-1,-1,-1
271,181,1029.16,144.601,74.9861,210.428,1,-1,-1,-1
271,187,366.115,175.831,42.987,118.106,1,-1,-1,-1
272,177,68.1372,160.339,137.894,224.81,1,-1,-1,-1
272,181,1087.29,143.519,82.8019,222.194,1,-1,-1,-1
272,187,352.209,173.252,45.1823,130.26,1,-1,-1,-1
273,177,6.41723,179.562,126.343,199.904,1,-1,-1,-1
273,181,1124.82,135.905,72.1891,195.921,1,-1,-1,-1
273,187,340.928,176.037,54.0704,135.424,1,-1,-1,-1
274,187,327.208,175.004,54.3871,147.939,1,-1,-1,-1
275,187,313.586,169.37,58.5775,167.649,1,-1,-1,-1
276,187,297.623,171.857,64.6979,179.087,1,-1,-1,-1
277,187,286.065,170.92,69.9505,187.416,1,-1,-1,-1
278,187,267.808,171.401,76.9238,192.504,1,-1,-1,-1
278,191,416.882,177.136,33.5073,59.4321,1,-1,-1,-1
279,187,238.022,171.696,84.1226,199.997,1,-1,-1,-1
279,191,411.873,171.247,43.1316,75.4225,1,-1,-1,-1
280,187,203.544,177.16,91.9471,198.749,1,-1,-1,-1
280,191,414.402,177.652,40.9006,67.0599,1,-1,-1,-1
281,187,162.063,172.107,99.6995,201.331,1,-1,-1,-1
281,191,414.856,176.324,39.211,68.8691,1,-1,-1,-1
282,187,112.477,173.319,104.32,197.421,1,-1,-1,-1
282,191,409.677,173.433,40.4601,73.0622,1,-1,-1,-1
283,187,54.7204,173.676,110.682,192.942,1,-1,-1,-1
283,191,406.679,173.329,39.7008,76.8763,1,-1,-1,-1
284,187,3.74338,174.513,96.9435,183.983,1,-1,-1,-1
284,191,402.04,175.755,39.9128,82.8223,1,-1,-1,-1
284,196,672.164,180.873,27.1064,75.2511,1,-1,-1,-1
285,191,402.546,182.916,36.4441,81.4462,1,-1,-1,-1
285,196,678.055,179.797,25.8979,70.976,1,-1,-1,-1
286,191,400.669,179.056,37.7125,87.6887,1,-1,-1,-1
286,196,684.794,173.806,25.4013,69.9763,1,-1,-1,-1
287,196,687.585,170.139,28.3602,78.2305,1,-1,-1,-1
287,203,380.004,173.814,44.8854,104.588,1,-1,-1,-1
288,196,688.986,167.843,34.1736,87.3812,1,-1,-1,-1
288,203,380.798,174.558,45.0236,103.533,1,-1,-1,-1
289,196,695.35,170.444,37.4006,92.5143,1,-1,-1,-1
289,203,382.228,180.872,39.2964,96.1641,1,-1,-1,-1
289,205,351.214,180.483,48.4831,111.082,1,-1,-1,-1
290,196,701.448,171.344,41.4991,98.4807,1,-1,-1,-1
291,196,710.088,164.205,46.1847,101.193,1,-1,-1,-1
292,196,714.407,164.827,53.4589,114.786,1,-1,-1,-1
293,196,725.755,166.104,49.4102,110.839,1,-1,-1,-1
294,196,737.983,167.827,46.4251,114.477,1,-1,-1,-1
294,209,192.46,152.87,61.1314,212.561,1,-1,-1,-1
295,196,749.165,159.213,52.4538,132.111,1,-1,-1,-1
295,209,144.628,154.243,70.5708,218.902,1,-1,-1,-1
296,196,767.044,157.732,53.9924,144.799,1,-1,-1,-1
296,209,83.9643,151.131,88.4955,225.077,1,-1,-1,-1
296,211,155.157,166.977,73.5592,194.721,1,-1,-1,-1
297,196,784.18,156.111,62.9207,158.831,1,-1,-1,-1
297,209,17.0661,155.927,96.3609,226.6,1,-1,-1,-1
297,211,83.7497,158.906,89.0592,204.58,1,-1,-1,-1
298,196,803.604,154.948,66.1412,174.833,1,-1,-1,-1
298,209,0,162.661,89.4514,211.641,1,-1,-1,-1
299,196,829.646,151.599,71.9486,194.49,1,-1,-1,-1
300,196,857.962,152.153,77.2094,207.196,1,-1,-1,-1
301,196,895.154,154.761,80.0085,217.254,1,-1,-1,-1
302,196,941.432,152.055,84.2695,226.613,1,-1,-1,-1
302,215,372.592,170.579,44.9419,105.614,1,-1,-1,-1
303,196,999.016,143.536,96.0194,237.314,1,-1,-1,-1
303,215,354.415,176.866,50.797,112.655,1,-1,-1,-1
304,215,336.627,175.284,49.4586,119.423,1,-1,-1,-1
305,215,315.401,169.663,52.52,129.919,1,-1,-1,-1
305,218,417.21,161.931,37.0977,98.3272,1,-1,-1,-1
306,215,287.166,162.277,59.8026,148.195,1,-1,-1,-1
306,218,404.675,158.752,44.5726,110.916,1,-1,-1,-1
307,215,251.374,156.99,70.4763,173.274,1,-1,-1,-1
307,218,389.747,152.967,48.1401,126.14,1,-1,-1,-1
307,221,832.597,170.547,30.4883,67.4426,1,-1,-1,-1
308,218,371.335,145.883,54.9143,146.1,1,-1,-1,-1
308,221,846.068,167.537,30.7279,70.7613,1,-1,-1,-1
309,218,339.165,140.007,68.7442,171.516,1,-1,-1,-1
309,221,857.499,168.404,29.0025,68.5273,1,-1,-1,-1
309,222,511.061,168.795,31.013,56.2832,1,-1,-1,-1
310,218,302.531,147.841,83.3627,194.696,1,-1,-1,-1
310,221,866.64,170.689,29.9525,72.4386,1,-1,-1,-1
311,218,253.917,152.498,88.2119,204.038,1,-1,-1,-1
311,221,877.62,172.613,35.0819,79.3571,1,-1,-1,-1
312,218,188.88,146.35,102.71,225.537,1,-1,-1,-1
312,221,888.782,171.45,39.9338,90.0361,1,-1,-1,-1
313,222,501.089,171.227,29.767,62.0443,1,-1,-1,-1
314,222,497.771,171.988,29.6522,65.5381,1,-1,-1,-1
315,222,494.208,167.837,33.4977,74.9711,1,-1,-1,-1
315,229,953.75,150.442,47.6666,120.199,1,-1,-1,-1
316,222,491.114,167.138,29.836,65.544,1,-1,-1,-1
316,229,967.725,150.957,51.228,124.987,1,-1,-1,-1
317,222,487.622,166.995,30.4392,67.0244,1,-1,-1,-1
317,229,994.328,147.809,51.0321,128.998,1,-1,-1,-1
318,222,482.066,165.244,31.8582,71.1958,1,-1,-1,-1
318,229,1024.24,144.74,53.6609,145.833,1,-1,-1,-1
319,222,475.777,168.458,32.5697,71.6298,1,-1,-1,-1
319,229,1055.78,141.36,59.0219,157.893,1,-1,-1,-1
320,222,471.143,169.306,35.4608,77.8613,1,-1,-1,-1
320,229,1094.07,130.264,63.634,172.757,1,-1,-1,-1
321,222,459.941,171.857,36.6734,77.1591,1,-1,-1,-1
321,229,1135.78,125.466,73.0917,193.429,1,-1,-1,-1
322,222,451.155,172.907,30.8538,70.1192,1,-1,-1,-1
323,222,444.503,173.437,28.4426,68.3892,1,-1,-1,-1
324,238,451.589,179.619,37.1851,74.8693,1,-1,-1,-1
325,238,448.2,176.221,39.5735,86.8768,1,-1,-1,-1
326,238,454.3,173.596,41.9376,94.6655,1,-1,-1,-1
327,222,415.964,185.369,37.7328,86.4225,1,-1,-1,-1
327,238,447.447,178.924,43.8421,99.7588,1,-1,-1,-1
327,241,726.594,164.395,32.2587,81.6523,1,-1,-1,-1
328,222,404.715,181.561,41.3626,94.8921,1,-1,-1,-1
328,238,444.929,179.538,45.5928,103.313,1,-1,-1,-1
328,241,730.181,157.252,40.085,95.7951,1,-1,-1,-1
329,222,398.052,185.786,43.9015,105.322,1,-1,-1,-1
329,238,435.124,183.203,44.8507,106.038,1,-1,-1,-1
329,241,743.501,161.776,35.3469,91.1033,1,-1,-1,-1
330,222,380.35,185.518,49.8064,114.75,1,-1,-1,-1
330,238,424.365,183.631,48.1902,114.767,1,-1,-1,-1
330,241,744.291,163.994,33.8044,91.333,1,-1,-1,-1
331,222,367.039,183.507,47.5271,114.245,1,-1,-1,-1
331,238,412.935,184.195,48.9685,116.224,1,-1,-1,-1
331,241,753.02,163.242,34.0399,93.7533,1,-1,-1,-1
332,222,360.046,187.771,45.3276,110.475,1,-1,-1,-1
332,238,394.972,178.496,56.0917,127.673,1,-1,-1,-1
334,248,749.612,172.158,32.2152,88.0581,1,-1,-1,-1
335,249,337.489,177.601,59.1934,180.687,1,-1,-1,-1
335,250,284.764,190.285,47.7074,158.245,1,-1,-1,-1
335,253,800.183,162.452,46.2109,129.51,1,-1,-1,-1
336,249,311.08,179.818,67.2488,184.333,1,-1,-1,-1
336,250,255.626,189.032,54.6939,177.093,1,-1,-1,-1
336,253,813.966,160.071,44.9696,128.98,1,-1,-1,-1
336,255,934.488,177.91,40.1266,70.3954,1,-1,-1,-1
337,249,279.458,177.733,72.4733,195.829,1,-1,-1,-1
337,250,224.928,184.112,61.9883,187.798,1,-1,-1,-1
337,253,830.106,153.443,45.4723,133.277,1,-1,-1,-1
337,255,955.883,174.292,40.4016,69.2594,1,-1,-1,-1
338,249,253.932,181.422,71.3631,193.808,1,-1,-1,-1
338,250,190.807,171.924,64.9788,198.123,1,-1,-1,-1
338,253,847.52,150.013,48.2884,144.68,1,-1,-1,-1
338,255,973.246,182.621,33.249,65.3664,1,-1,-1,-1
338,258,778.33,151.186,59.3991,131.228,1,-1,-1,-1
339,249,221.754,173.907,74.9426,197.355,1,-1,-1,-1
339,250,154.305,164.485,60.5437,175.095,1,-1,-1,-1
339,253,865.445,152.187,53.425,169.547,1,-1,-1,-1
339,255,985.86,177.998,35.5183,66.7256,1,-1,-1,-1
339,258,789.683,143.74,64.8542,141.478,1,-1,-1,-1
339,259,957.802,173.873,40.58,87.4554,1,-1,-1,-1
340,249,178.791,170.635,80.725,204.584,1,-1,-1,-1
340,250,107.19,154.888,70.6093,184.118,1,-1,-1,-1
340,253,880.964,147.526,51.5356,170.278,1,-1,-1,-1
340,255,995.525,173.112,43.5495,85.286,1,-1,-1,-1
340,258,799.174,140.474,68.9203,155.938,1,-1,-1,-1
