1,1,340.829,79.4999,87.662,244.25,1,-1,-1,-1
1,2,570.789,80.8348,68.211,203.59,1,-1,-1,-1
1,3,181.388,89.6698,75.918,245.934,1,-1,-1,-1
1,4,100.807,87.2512,56.321,224.146,1,-1,-1,-1
1,5,437.157,94.9248,85.081,237.233,1,-1,-1,-1
1,6,520.616,113.596,30.205,124.091,1,-1,-1,-1
2,1,349.437,88.7285,86.2907,241.587,1,-1,-1,-1
2,2,573.744,81.1633,65.2846,202.241,1,-1,-1,-1
2,3,186.763,87.8272,69.1528,238.825,1,-1,-1,-1
2,4,97.2543,83.4463,58.3141,231.781,1,-1,-1,-1
2,5,446.278,96.473,70.443,226.18,1,-1,-1,-1
2,6,521.278,107.28,36.7805,127.258,1,-1,-1,-1
2,7,327.722,124.831,24.344,96.085,1,-1,-1,-1
3,1,350.222,80.6792,91.9267,248.45,1,-1,-1,-1
3,2,568.649,82.4494,69.5559,201.521,1,-1,-1,-1
3,3,187.225,80.7239,80.3324,243.229,1,-1,-1,-1
3,4,89.396,91.6575,65.8035,226.024,1,-1,-1,-1
3,5,446.228,82.4862,75.7926,228.853,1,-1,-1,-1
3,6,516.535,114.659,34.9066,128.955,1,-1,-1,-1
4,1,351.367,75.2507,93.4127,249.345,1,-1,-1,-1
4,2,568.669,84.3542,69.4851,197.297,1,-1,-1,-1
4,3,189.739,85.5486,78.0533,230.004,1,-1,-1,-1
4,4,82.5358,97.2842,69.6057,229.092,1,-1,-1,-1
4,5,452.42,82.14,77.1019,232.111,1,-1,-1,-1
4,6,511.866,112.086,36.8104,135.374,1,-1,-1,-1
5,1,353.557,73.1335,98.5858,251.959,1,-1,-1,-1
5,2,568.32,88.851,62.4843,190.781,1,-1,-1,-1
5,3,192.742,84.0758,76.8682,224,1,-1,-1,-1
5,4,74.3366,97.5796,73.3436,224.477,1,-1,-1,-1
5,5,454.588,84.2246,84.5429,243.2,1,-1,-1,-1
5,6,511.307,111.111,39.8841,138.08,1,-1,-1,-1
6,1,357.743,78.6772,98.2623,245.502,1,-1,-1,-1
6,2,564.26,86.148,67.515,200.289,1,-1,-1,-1
6,3,202.531,87.359,76.0158,220.654,1,-1,-1,-1
6,4,63.2163,89.8477,79.274,231.236,1,-1,-1,-1
6,5,451.814,77.0027,90.7199,251.33,1,-1,-1,-1
7,1,362.541,83.2268,95.4355,239.004,1,-1,-1,-1
7,2,562.046,88.0203,68.7511,199.19,1,-1,-1,-1
7,3,209.672,94.9238,76.4408,214.579,1,-1,-1,-1
7,4,54.8896,90.7619,85.7023,234.894,1,-1,-1,-1
7,5,458.734,75.9267,87.061,246.178,1,-1,-1,-1
8,1,363.902,82.3989,93.415,234.455,1,-1,-1,-1
8,2,558.663,88.8957,71.7313,200.59,1,-1,-1,-1
8,3,212.461,95.0881,84.2094,223.989,1,-1,-1,-1
8,4,48.2645,96.5341,86.1376,231.812,1,-1,-1,-1
8,5,467.671,81.8423,79.4403,236.653,1,-1,-1,-1
9,1,366.758,87.464,89.6004,230.167,1,-1,-1,-1
9,2,557.678,91.2561,72.755,197.718,1,-1,-1,-1
9,3,219.3,101.488,83.066,218.058,1,-1,-1,-1
9,4,43.5996,99.9282,80.7505,221.252,1,-1,-1,-1
9,5,465.708,78.9499,82.8176,241.702,1,-1,-1,-1
9,9,173.752,90.507,51.1457,164.022,1,-1,-1,-1
10,1,371.534,88.1997,87.6568,231.856,1,-1,-1,-1
10,2,555.78,88.2713,76.2884,200.023,1,-1,-1,-1
10,3,225.814,100.233,80.5691,216.496,1,-1,-1,-1
10,4,42.5025,102.294,71.3115,214.972,1,-1,-1,-1
10,5,467.485,78.8788,79.9399,239.012,1,-1,-1,-1
10,9,175.04,91.3762,50.2553,163.255,1,-1,-1,-1
11,1,371.937,83.7005,92.1584,235.703,1,-1,-1,-1
11,2,554.653,88.5598,76.8564,196.456,1,-1,-1,-1
11,3,230.018,102.291,80.5861,214.476,1,-1,-1,-1
11,4,39.245,106.755,64.9882,205.43,1,-1,-1,-1
11,5,468.885,81.6013,79.1849,238.155,1,-1,-1,-1
11,9,174.334,91.5324,51.6215,166.744,1,-1,-1,-1
12,1,375.674,84.7958,90.5075,235.206,1,-1,-1,-1
12,2,557.54,86.9412,74.3443,195.657,1,-1,-1,-1
12,3,234.343,100.868,82.0393,219.633,1,-1,-1,-1
12,4,31.2237,100.13,63.6075,205.803,1,-1,-1,-1
12,5,471.824,86.5592,80.0233,235.789,1,-1,-1,-1
12,9,173.459,92.0077,50.5859,163.429,1,-1,-1,-1
13,1,380.076,82.535,86.1743,232.547,1,-1,-1,-1
13,2,557.438,87.4194,72.6337,193.251,1,-1,-1,-1
13,3,233.363,91.7845,83.6364,225.435,1,-1,-1,-1
13,4,26.6053,100.935,62.6684,209.477,1,-1,-1,-1
13,5,472.234,88.5194,78.7771,232.741,1,-1,-1,-1
13,9,174.885,89.1324,51.9148,168.139,1,-1,-1,-1
14,1,380.404,75.0028,92.0493,244.063,1,-1,-1,-1
14,2,556.886,90.2997,69.6893,188.143,1,-1,-1,-1
14,3,236.375,94.4118,80.197,220.191,1,-1,-1,-1
14,4,25.4606,104.889,62.2209,211.666,1,-1,-1,-1
14,5,474.509,83.3825,85.4814,242.775,1,-1,-1,-1
14,9,176.717,91.6107,48.8609,160.552,1,-1,-1,-1
15,1,385.279,77.7619,92.5529,241.25,1,-1,-1,-1
15,2,551.105,96.7162,69.1225,181.156,1,-1,-1,-1
15,3,242.228,96.2807,77.3066,215.143,1,-1,-1,-1
15,4,13.7998,97.2815,72.7994,226.4,1,-1,-1,-1
15,5,475.323,89.8017,87.9155,233.497,1,-1,-1,-1
15,9,177.557,96.903,44.6944,152.375,1,-1,-1,-1
16,1,387.477,79.9911,94.0059,244.489,1,-1,-1,-1
16,2,547.418,95.7989,74.2757,178.634,1,-1,-1,-1
16,3,247.129,98.1692,74.3422,208.47,1,-1,-1,-1
16,4,11.9034,95.4958,69.8109,226.3,1,-1,-1,-1
16,5,479.876,92.2195,86.2285,228.928,1,-1,-1,-1
16,9,175.836,94.4436,45.2762,157.577,1,-1,-1,-1
17,1,387.764,79.7561,96.9868,245.528,1,-1,-1,-1
17,2,542.998,96.4897,75.7873,180.452,1,-1,-1,-1
17,3,250.259,97.5817,74.6228,207.544,1,-1,-1,-1
17,4,5.59721,97.4494,73.5599,230.836,1,-1,-1,-1
17,5,480.503,89.8381,85.0236,227.659,1,-1,-1,-1
17,9,174.785,90.4504,47.2782,161.833,1,-1,-1,-1
18,1,389.193,84.0826,93.47,242.498,1,-1,-1,-1
18,2,544.657,98.3989,78.8185,174.996,1,-1,-1,-1
18,3,254.831,99.1813,73.6686,207.088,1,-1,-1,-1
18,4,1.8849,97.6681,72.4754,227.539,1,-1,-1,-1
18,5,483.57,84.3369,91.3009,233.687,1,-1,-1,-1
18,9,173.088,88.2522,48.0264,171.846,1,-1,-1,-1
19,1,392.511,85.7594,90.0603,240.239,1,-1,-1,-1
19,2,543.465,96.4652,80.3675,164.844,1,-1,-1,-1
19,3,256.278,93.2212,77.0102,212.67,1,-1,-1,-1
19,4,0,97.4933,70.348,225.313,1,-1,-1,-1
19,5,486.729,79.5365,100.031,246.941,1,-1,-1,-1
19,9,174.882,91.4954,45.0332,164.879,1,-1,-1,-1
20,1,390.194,84.8916,97.6971,242.276,1,-1,-1,-1
20,2,563.615,108.529,66.864,146.053,1,-1,-1,-1
20,3,260.272,91.2778,79.2612,215.589,1,-1,-1,-1
20,4,0,95.598,69.1353,228.833,1,-1,-1,-1
20,5,492.479,80.9897,100.421,245.965,1,-1,-1,-1
20,9,177.069,85.4736,48.0776,166.952,1,-1,-1,-1
21,1,392.339,87.177,95.602,239.39,1,-1,-1,-1
21,2,581.28,119.665,49.6365,122.602,1,-1,-1,-1
21,3,259.159,95.7381,79.4657,213.765,1,-1,-1,-1
21,4,0,98.299,66.1595,230.718,1,-1,-1,-1
21,5,498.837,86.6521,95.247,236.525,1,-1,-1,-1
21,9,176.688,85.4822,46.5964,166.249,1,-1,-1,-1
22,1,397.073,86.0053,96.9391,234.3,1,-1,-1,-1
22,2,591.548,125.881,41.1738,110.364,1,-1,-1,-1
22,3,261.06,97.1225,80.5534,207.845,1,-1,-1,-1
22,4,0,108.096,57.773,221.447,1,-1,-1,-1
22,5,502.58,84.2468,94.8825,232.829,1,-1,-1,-1
22,9,176.337,86.1782,46.0843,163.37,1,-1,-1,-1
23,1,404.509,87.3687,92.9209,229.155,1,-1,-1,-1
23,2,595.275,124.289,38.6381,108.636,1,-1,-1,-1
23,3,268.914,103.114,73.2295,200.846,1,-1,-1,-1
23,4,0,118.987,51.6392,207.652,1,-1,-1,-1
23,5,505.628,81.2962,93.6097,232.487,1,-1,-1,-1
23,9,176.559,84.805,45.1407,161.957,1,-1,-1,-1
24,1,407.718,80.735,94.9099,232.793,1,-1,-1,-1
24,2,592.716,119.18,39.4852,114.017,1,-1,-1,-1
24,3,275.525,98.2218,76.8056,208.625,1,-1,-1,-1
24,5,506.419,80.8347,89.7306,226.891,1,-1,-1,-1
24,9,176.646,83.0178,44.8581,162.688,1,-1,-1,-1
25,1,412.813,84.0513,91.1655,227.76,1,-1,-1,-1
25,2,585.837,114.584,46.4447,126.488,1,-1,-1,-1
25,3,280.98,101.697,72.5761,204.843,1,-1,-1,-1
25,5,509.793,82.437,87.3045,226.612,1,-1,-1,-1
25,9,176.493,87.4622,45.1744,158.357,1,-1,-1,-1
26,1,418.958,83.9456,89.8378,225.731,1,-1,-1,-1
26,2,581.529,108.921,50.9169,139.465,1,-1,-1,-1
26,3,281.353,99.3386,75.4982,202.206,1,-1,-1,-1
26,5,511.712,86.2064,84.4472,215.813,1,-1,-1,-1
26,9,176.691,92.4182,44.9113,153.794,1,-1,-1,-1
27,1,419.13,81.3973,91.0971,232.379,1,-1,-1,-1
27,2,576.213,102.179,56.4025,152.849,1,-1,-1,-1
27,3,283.707,93.2156,80.5983,208.011,1,-1,-1,-1
27,5,512.051,87.7152,85.7612,213.049,1,-1,-1,-1
27,9,174.16,87.5409,49.3673,159.815,1,-1,-1,-1
28,1,423.901,81.8837,91.7027,231.532,1,-1,-1,-1
28,3,291.246,94.6021,76.0067,205.489,1,-1,-1,-1
28,5,514.066,89.8541,95.2243,216.842,1,-1,-1,-1
28,9,175.33,92.6259,47.2811,155.8,1,-1,-1,-1
29,1,425.764,83.5455,88.9625,231.015,1,-1,-1,-1
29,3,299.081,95.6328,76.5033,205.376,1,-1,-1,-1
29,5,511.117,91.1541,108.04,223.689,1,-1,-1,-1
29,9,173.265,87.6088,50.2989,164.821,1,-1,-1,-1
30,1,432.856,87.2627,86.8358,224.585,1,-1,-1,-1
30,3,302.218,93.0499,80.4755,205.736,1,-1,-1,-1
30,5,508.177,93.7244,116.99,224.489,1,-1,-1,-1
30,9,172.805,88.0551,51.2117,165.819,1,-1,-1,-1
31,1,435.431,88.9184,85.6278,223.154,1,-1,-1,-1
31,2,596.475,159.43,29.6177,86.2058,1,-1,-1,-1
31,3,304.309,92.3131,79.2657,205.188,1,-1,-1,-1
31,5,517.473,100.468,104.455,213.106,1,-1,-1,-1
31,9,173.125,90.5703,51.5163,162.334,1,-1,-1,-1
32,1,439.128,84.5943,86.4762,225.719,1,-1,-1,-1
32,3,308.727,93.0628,75.8531,205.003,1,-1,-1,-1
32,5,524.574,102.574,96.6449,208.31,1,-1,-1,-1
32,9,173.216,86.6048,51.9346,165.174,1,-1,-1,-1
32,12,497.881,85.4807,37.6914,67.3662,1,-1,-1,-1
33,1,443.928,84.7785,98.8537,223.858,1,-1,-1,-1
33,3,312.362,94.2818,74.8961,204.334,1,-1,-1,-1
33,5,533.147,101.971,90.147,206.455,1,-1,-1,-1
33,9,175.268,90.6561,48.3888,162.637,1,-1,-1,-1
33,12,494.952,83.0292,44.145,59.4798,1,-1,-1,-1
34,1,449.239,90.4635,101.089,220.745,1,-1,-1,-1
34,3,316.862,94.4107,77.0023,203.928,1,-1,-1,-1
34,5,539.408,99.0488,83.0245,205.049,1,-1,-1,-1
34,9,176.481,92.8284,45.3375,158.746,1,-1,-1,-1
35,1,452.331,87.508,98.9436,221.644,1,-1,-1,-1
35,3,321.102,99.6557,77.8514,203.831,1,-1,-1,-1
35,5,547.369,92.846,84.6599,210.408,1,-1,-1,-1
35,9,176.92,94.7876,44.6821,154.022,1,-1,-1,-1
36,1,449.986,82.4402,103.058,222.08,1,-1,-1,-1
36,3,318.758,97.4977,83.9149,207.266,1,-1,-1,-1
36,5,546.772,90.6313,86.3808,219.172,1,-1,-1,-1
36,9,177.429,97.603,42.5214,149.913,1,-1,-1,-1
37,1,448.259,84.646,101.623,221.624,1,-1,-1,-1
37,3,322.35,90.8086,87.4364,211.841,1,-1,-1,-1
37,5,543.953,84.854,89.8325,225.738,1,-1,-1,-1
37,9,174.313,95.4501,47.4349,157.669,1,-1,-1,-1
38,1,446.778,85.0318,99.6736,219.53,1,-1,-1,-1
38,3,329.159,98.312,80.3594,199.437,1,-1,-1,-1
38,5,553.134,89.3946,82.2885,219.966,1,-1,-1,-1
38,9,175.957,93.7919,47.6299,158.596,1,-1,-1,-1
39,1,446.052,86.7342,99.4819,217.94,1,-1,-1,-1
39,3,332.201,99.7206,80.2165,199.09,1,-1,-1,-1
39,5,553.114,85.7194,83.339,217.588,1,-1,-1,-1
39,9,177.494,98.6366,46.3276,153.872,1,-1,-1,-1
40,1,450.914,84.9526,98.3795,216.228,1,-1,-1,-1
40,3,339.59,103.571,71.4932,189.278,1,-1,-1,-1
40,5,557.535,86.6537,78.6136,213.23,1,-1,-1,-1
40,9,177.081,97.3631,48.4426,160.548,1,-1,-1,-1
41,1,457.562,88.0798,96.0649,212.033,1,-1,-1,-1
41,3,344.983,100.776,70.7272,195.139,1,-1,-1,-1
41,5,559.698,88.7692,76.8265,213.302,1,-1,-1,-1
41,9,173.45,92.4399,51.3607,163.147,1,-1,-1,-1
42,1,462.059,91.6955,94.7483,211.307,1,-1,-1,-1
42,3,349.947,102.678,67.903,192.901,1,-1,-1,-1
42,5,560.21,90.3499,74.7164,210.773,1,-1,-1,-1
42,9,172.186,89.8419,52.9556,162.427,1,-1,-1,-1
43,1,465.448,86.9099,93.5154,212.001,1,-1,-1,-1
43,3,355.788,104.446,64.3785,188.175,1,-1,-1,-1
43,5,561.808,91.0577,74.0335,214.427,1,-1,-1,-1
43,9,173.824,89.8606,53.309,163.223,1,-1,-1,-1
43,15,439.161,115.969,29.921,121.511,1,-1,-1,-1
44,1,463.27,88.2156,95.3705,209.691,1,-1,-1,-1
44,3,358.449,101.716,62.8818,187.781,1,-1,-1,-1
44,5,564.238,91.9718,74.1039,218.294,1,-1,-1,-1
44,9,173.249,93.7918,49.737,156.352,1,-1,-1,-1
44,15,438.036,116.763,32.7873,128.302,1,-1,-1,-1
45,1,466.123,90.5928,96.4153,215.762,1,-1,-1,-1
45,3,361.389,98.7577,64.9325,195.187,1,-1,-1,-1
45,5,568.468,96.12,71.3213,214.772,1,-1,-1,-1
45,9,172.791,94.7754,48.349,156.492,1,-1,-1,-1
45,15,435.627,112.837,36.5434,137.983,1,-1,-1,-1
46,1,464.394,88.5572,102.491,222.451,1,-1,-1,-1
46,3,362.127,99.5135,66.708,191.433,1,-1,-1,-1
46,5,568.114,97.7556,68.9508,216.347,1,-1,-1,-1
46,9,170.885,88.1324,51.1748,161.561,1,-1,-1,-1
46,15,432.681,111.133,39.1298,145.312,1,-1,-1,-1
47,1,465.6,87.3012,101.823,227.097,1,-1,-1,-1
47,3,367.912,100.19,67.6297,191.04,1,-1,-1,-1
47,5,569.746,92.8784,69.2301,223.866,1,-1,-1,-1
47,9,174.715,91.4607,49.4648,157.916,1,-1,-1,-1
47,15,430.096,106.618,39.963,157.369,1,-1,-1,-1
48,1,465.199,87.8877,108.292,230.865,1,-1,-1,-1
48,3,368.206,99.9375,74.3264,196.618,1,-1,-1,-1
48,5,573.828,90.1542,66.2831,225.153,1,-1,-1,-1
48,9,171.189,90.5638,51.8221,159.296,1,-1,-1,-1
48,15,434.129,101.728,41.6321,170.872,1,-1,-1,-1
49,1,472.675,89.0724,108.943,231.888,1,-1,-1,-1
49,3,374.743,102.558,68.7329,188.797,1,-1,-1,-1
49,5,577.637,79.1461,64.0339,234.889,1,-1,-1,-1
49,9,173.921,90.8585,50.3061,157.354,1,-1,-1,-1
49,15,445.31,97.771,47.0469,185.712,1,-1,-1,-1
50,1,480.96,96.8379,105.027,217.76,1,-1,-1,-1
50,3,379.758,102.631,69.6143,189.007,1,-1,-1,-1
50,5,577.959,68.4627,61.9554,246.492,1,-1,-1,-1
50,9,172.164,89.6782,52.1589,163.104,1,-1,-1,-1
50,15,448.552,93.3111,51.2672,201.789,1,-1,-1,-1
51,1,488.97,95.0951,104.59,218.249,1,-1,-1,-1
51,3,383.24,104.662,69.9787,184.489,1,-1,-1,-1
51,5,583.284,75.6467,57.4767,241.409,1,-1,-1,-1
51,9,172.868,95.1877,48.1924,156.504,1,-1,-1,-1
51,15,450.566,92.3637,50.1932,200.171,1,-1,-1,-1
52,1,493.361,93.7996,100.981,214.504,1,-1,-1,-1
52,3,385.212,101.791,73.9493,186.682,1,-1,-1,-1
52,5,582.64,78.8664,54.2981,234.513,1,-1,-1,-1
52,9,173.84,98.9673,44.4556,152.322,1,-1,-1,-1
52,15,443.954,92.0636,54.6997,195.932,1,-1,-1,-1
53,1,500.609,94.7619,94.1604,208.36,1,-1,-1,-1
53,3,390.178,95.7389,86.6231,195.126,1,-1,-1,-1
53,5,583.8,73.3176,52.1422,230.149,1,-1,-1,-1
53,9,173.821,99.1707,44.1715,151.566,1,-1,-1,-1
54,1,505.285,93.3658,94.6802,207.32,1,-1,-1,-1
54,3,392.393,88.3667,91.3642,200.397,1,-1,-1,-1
54,5,586.381,76.9118,48.6701,210.358,1,-1,-1,-1
54,9,173.403,98.6417,45.1473,158.262,1,-1,-1,-1
55,1,510.848,91.5974,95.9827,212.635,1,-1,-1,-1
55,3,398.305,95.4446,87.4498,194.225,1,-1,-1,-1
55,5,592.391,89.1413,40.6841,175.621,1,-1,-1,-1
55,9,173.4,98.6227,43.7552,152.298,1,-1,-1,-1
56,1,512.318,88.5968,96.2306,214.304,1,-1,-1,-1
56,3,399.857,90.8331,94.0825,200.453,1,-1,-1,-1
56,5,591.499,92.0593,38.7131,160.416,1,-1,-1,-1
56,9,174.364,99.4356,45.8385,158.719,1,-1,-1,-1
57,1,515.844,93.9023,91.0428,206.838,1,-1,-1,-1
57,3,404.789,88.7482,90.7762,199.594,1,-1,-1,-1
57,5,591.037,101.137,39.8329,121.649,1,-1,-1,-1
57,9,172.853,97.4734,46.8052,159.587,1,-1,-1,-1
58,1,518.55,92.1236,86.4236,202.774,1,-1,-1,-1
58,3,406.94,92.543,89.763,197.965,1,-1,-1,-1
58,5,594.256,108.957,32.0338,94.0262,1,-1,-1,-1
58,9,175.475,90.3822,46.8182,158.348,1,-1,-1,-1
59,1,525.258,92.9244,84.7901,204.319,1,-1,-1,-1
59,3,404.387,96.5677,92.1807,198.225,1,-1,-1,-1
59,5,598.446,117.457,25.8863,74.7887,1,-1,-1,-1
59,9,174.083,89.746,47.1766,157.626,1,-1,-1,-1
60,1,529.721,94.5863,80.8503,199.021,1,-1,-1,-1
60,3,405.987,94.8541,92.5919,197.218,1,-1,-1,-1
60,9,175.534,85.6223,48.1135,160.065,1,-1,-1,-1
60,16,594.702,175.873,30.908,77.5171,1,-1,-1,-1
61,1,539.3,101.306,75.6764,187.915,1,-1,-1,-1
61,3,405.514,94.3017,91.9887,196.831,1,-1,-1,-1
61,9,172.379,87.2524,48.5831,158.059,1,-1,-1,-1
61,16,594.99,181.564,28.8382,68.9771,1,-1,-1,-1
62,1,543.453,103.49,71.0859,184.507,1,-1,-1,-1
62,3,405.582,97.8634,86.9281,192.344,1,-1,-1,-1
62,9,174.003,84.046,49.6268,159.681,1,-1,-1,-1
62,16,594.548,185.664,27.1781,62.1264,1,-1,-1,-1
63,1,544.406,96.9293,73.1045,193.883,1,-1,-1,-1
63,3,411.752,99.3703,81.133,190.596,1,-1,-1,-1
63,9,172.206,82.2754,52.3905,161.589,1,-1,-1,-1
63,16,587.407,164.704,36.066,85.0301,1,-1,-1,-1
64,1,547.212,93.6949,73.4459,194.978,1,-1,-1,-1
64,3,417.648,101.185,82.2045,189.905,1,-1,-1,-1
64,9,174.3,84.4154,50.3726,155.12,1,-1,-1,-1
65,1,548.873,92.8904,75.5252,200.669,1,-1,-1,-1
65,3,424.269,101.846,78.1551,183.693,1,-1,-1,-1
65,9,171.393,81.6584,51.8467,161.263,1,-1,-1,-1
66,1,550.351,92.6935,76.429,204.227,1,-1,-1,-1
66,9,168.657,80.9513,53.7775,164.485,1,-1,-1,-1
66,17,393.596,83.3717,84.5667,206.387,1,-1,-1,-1
67,1,552.331,93.1158,77.5143,203.481,1,-1,-1,-1
67,9,168.612,87.1613,52.4172,163.366,1,-1,-1,-1
67,17,393.888,87.5117,76.3519,198.838,1,-1,-1,-1
68,1,555.254,88.6361,76.5196,203.098,1,-1,-1,-1
68,9,169.958,90.8166,50.1576,159.107,1,-1,-1,-1
68,17,392.422,90.5032,65.4712,186.862,1,-1,-1,-1
69,1,554.131,88.7613,80.634,206.159,1,-1,-1,-1
69,3,448.832,102.851,59.371,169.276,1,-1,-1,-1
69,9,172.576,89.8052,49.6987,162.785,1,-1,-1,-1
69,17,385.43,92.7504,65.9624,186.5,1,-1,-1,-1
70,1,557.024,94.083,79.8311,199.879,1,-1,-1,-1
70,3,451.982,104.765,56.383,171.191,1,-1,-1,-1
70,9,169.706,94.2857,48.8319,162.906,1,-1,-1,-1
70,17,380.816,95.0795,63.1567,183.061,1,-1,-1,-1
71,1,559.266,93.6587,80.0867,203.376,1,-1,-1,-1
71,3,453.515,102.229,56.7097,175.132,1,-1,-1,-1
71,9,168.753,93.6325,47.4653,159.893,1,-1,-1,-1
71,17,383.455,90.3561,58.5236,180.745,1,-1,-1,-1
72,1,561.298,90.788,79.4631,207.011,1,-1,-1,-1
72,3,455.506,101.061,55.6756,178.702,1,-1,-1,-1
72,9,171.745,91.4623,47.5331,162.032,1,-1,-1,-1
72,17,384.532,97.7843,57.4911,176.509,1,-1,-1,-1
73,1,560.077,86.4738,80.4125,211.71,1,-1,-1,-1
73,3,458.101,97.5759,58.4391,182.611,1,-1,-1,-1
73,9,175.602,89.6826,45.8387,160.125,1,-1,-1,-1
73,17,385.34,96.1569,55.6183,175.825,1,-1,-1,-1
74,1,563.319,83.0649,77.8649,213.695,1,-1,-1,-1
74,3,462.589,93.9425,63.3059,187.836,1,-1,-1,-1
74,9,174.801,86.9032,47.9613,163.792,1,-1,-1,-1
74,17,382.613,97.365,56.4983,175.791,1,-1,-1,-1
75,1,561.937,82.7238,78.4375,213.762,1,-1,-1,-1
75,3,465.243,94.1001,63.4911,185.75,1,-1,-1,-1
75,9,174.833,86.9434,49.7577,163.396,1,-1,-1,-1
75,17,380.971,98.9332,57.5189,175.956,1,-1,-1,-1
76,1,560.26,82.0678,79.3743,214.425,1,-1,-1,-1
76,3,467.262,99.3536,62.2248,183.425,1,-1,-1,-1
76,9,172.874,78.7665,52.8418,170.96,1,-1,-1,-1
76,17,377.005,96.6879,61.174,176.225,1,-1,-1,-1
77,1,562.759,92.8588,76.3502,204.002,1,-1,-1,-1
77,3,469.002,98.2511,61.4021,179.95,1,-1,-1,-1
77,9,178.441,80.2722,51.5735,170.849,1,-1,-1,-1
77,17,373.415,94.8262,63.9597,180.892,1,-1,-1,-1
78,1,564.578,99.889,72.8582,196.259,1,-1,-1,-1
78,3,468.371,94.8981,69.6446,184.197,1,-1,-1,-1
78,9,178.055,80.3865,53.0817,169.593,1,-1,-1,-1
78,17,372.384,98.8436,62.5535,175.932,1,-1,-1,-1
79,1,560.67,93.9115,76.2943,198.685,1,-1,-1,-1
79,3,469.066,99.0166,69.1321,179.805,1,-1,-1,-1
79,9,177.241,82.7519,51.7338,165.742,1,-1,-1,-1
79,17,371.158,103.416,61.8231,172.579,1,-1,-1,-1
80,1,567.195,102.148,69.4568,189.867,1,-1,-1,-1
80,3,475.882,95.4901,68.0924,178.052,1,-1,-1,-1
80,9,177.776,85.7721,52.0745,167.113,1,-1,-1,-1
80,17,371.568,107.596,56.622,163.616,1,-1,-1,-1
81,1,570.937,105.448,65.3477,183.838,1,-1,-1,-1
81,3,482.345,94.4256,66.3404,177.48,1,-1,-1,-1
81,9,179.719,84.7691,52.3243,167.519,1,-1,-1,-1
81,17,370.59,108.023,57.1792,163.082,1,-1,-1,-1
81,19,553.213,97.3626,37.68,121.746,1,-1,-1,-1
82,1,575.685,104.19,61.0896,180.957,1,-1,-1,-1
82,3,481.236,91.1545,68.0559,178.08,1,-1,-1,-1
82,9,176.175,82.6178,60.2994,177.067,1,-1,-1,-1
82,17,368.942,108.47,56.4679,160.071,1,-1,-1,-1
82,19,552.917,100.863,32.5617,96.9046,1,-1,-1,-1
83,1,576.511,108.921,57.4977,174.101,1,-1,-1,-1
83,3,485.543,92.5856,67.7882,178.361,1,-1,-1,-1
83,9,174.291,84.5956,61.3553,175.411,1,-1,-1,-1
83,17,368.092,108.217,58.9271,160.127,1,-1,-1,-1
83,19,551.341,103.145,28.3584,82.824,1,-1,-1,-1
84,3,489.39,101.232,65.854,172.764,1,-1,-1,-1
84,9,175.046,87.5469,60.8288,171.703,1,-1,-1,-1
84,17,360.836,100.339,63.1471,161.244,1,-1,-1,-1
84,19,554.318,105.711,25.0607,62.6789,1,-1,-1,-1
85,3,492.997,107.811,63.4122,167.377,1,-1,-1,-1
85,9,176.157,88.2769,60.0277,168.04,1,-1,-1,-1
85,17,359.303,103.283,58.8369,156.499,1,-1,-1,-1
86,3,496.458,106.461,65.5917,172.043,1,-1,-1,-1
86,9,177.618,85.4328,60.6091,166.572,1,-1,-1,-1
86,17,352.989,103.802,58.4984,160.722,1,-1,-1,-1
86,20,553.826,119.643,50.548,151.376,1,-1,-1,-1
86,21,613.463,94.5297,25.1044,114.797,1,-1,-1,-1
87,3,499.75,104.319,68.1753,171.324,1,-1,-1,-1
87,9,179.964,85.3518,60.332,164.638,1,-1,-1,-1
87,17,350.527,101.114,58.1702,164.235,1,-1,-1,-1
87,20,551.66,115.16,50.2771,151.665,1,-1,-1,-1
87,22,393.924,112.944,47.4515,131.441,1,-1,-1,-1
88,3,507.745,102.421,80.0296,172.694,1,-1,-1,-1
88,9,178.122,87.5872,59.0199,163.434,1,-1,-1,-1
88,17,345.317,98.7677,61.3947,173.066,1,-1,-1,-1
88,22,397.463,109.557,45.0144,129.369,1,-1,-1,-1
89,3,510.859,100.841,84.9706,179.608,1,-1,-1,-1
89,9,179.957,88.6528,58.8033,163.104,1,-1,-1,-1
89,17,343.954,99.1536,59.5925,173.851,1,-1,-1,-1
89,22,397.687,113.739,43.3574,129.318,1,-1,-1,-1
90,3,513.013,102.11,86.0229,177.632,1,-1,-1,-1
90,9,180.943,85.4325,60.3277,167.699,1,-1,-1,-1
90,17,343.499,99.5294,58.3734,170.229,1,-1,-1,-1
90,22,398.512,114.614,41.7096,128.82,1,-1,-1,-1
91,3,516.203,100.654,84.3172,176.845,1,-1,-1,-1
91,9,182.162,83.1957,60.9271,167.203,1,-1,-1,-1
91,17,341.484,95.8757,55.3195,168.284,1,-1,-1,-1
91,22,398.096,113.504,40.901,129.145,1,-1,-1,-1
92,3,518.068,96.0496,82.7324,172.237,1,-1,-1,-1
92,9,179.703,82.3957,60.7772,164.173,1,-1,-1,-1
92,17,338.425,96.7369,58.037,170.316,1,-1,-1,-1
92,22,397.507,115.241,41.0642,126.712,1,-1,-1,-1
93,3,520.812,94.4265,80.3673,174.561,1,-1,-1,-1
93,9,181.631,84.9428,60.7382,165.524,1,-1,-1,-1
93,17,333.883,99.4225,65.6701,169.898,1,-1,-1,-1
93,22,395.124,108.428,42.3425,132.185,1,-1,-1,-1
94,3,524.271,96.0032,75.2941,173.75,1,-1,-1,-1
94,9,182.184,82.5115,61.4147,166.803,1,-1,-1,-1
94,17,328.177,98.7669,72.3861,170.256,1,-1,-1,-1
94,22,393.421,108.985,45.4111,131.136,1,-1,-1,-1
95,3,523.653,96.5629,79.8255,175.136,1,-1,-1,-1
95,9,185.813,85.0927,57.0918,161.174,1,-1,-1,-1
95,17,326.304,105.396,67.706,165.519,1,-1,-1,-1
95,22,391.641,109.249,44.4724,132.231,1,-1,-1,-1
96,3,525.474,98.4032,75.4669,170.226,1,-1,-1,-1
96,9,184.432,80.7885,59.5244,167.27,1,-1,-1,-1
96,17,325.814,111.714,62.1328,155.625,1,-1,-1,-1
96,22,392.718,111.049,41.8815,128.494,1,-1,-1,-1
97,3,522.699,101.792,81.4736,167.285,1,-1,-1,-1
97,9,185.028,82.0977,58.9483,167.46,1,-1,-1,-1
97,17,321.189,103.378,70.4464,164.454,1,-1,-1,-1
97,22,396.736,113.273,38.0836,123.458,1,-1,-1,-1
98,3,519.466,106.933,89.2477,162.665,1,-1,-1,-1
98,9,186.077,85.3804,57.6149,163.961,1,-1,-1,-1
98,17,319.024,98.7805,73.2244,167.134,1,-1,-1,-1
98,22,396.439,108.513,40.7783,128.658,1,-1,-1,-1
99,3,534.698,112.631,78.368,153.672,1,-1,-1,-1
99,9,187.014,87.0047,56.6394,160.974,1,-1,-1,-1
99,17,317.99,93.5647,73.5615,168.667,1,-1,-1,-1
99,22,394.398,109.843,42.6407,131.597,1,-1,-1,-1
100,3,542.007,112.819,72.1982,153.986,1,-1,-1,-1
100,9,187.26,88.5411,56.2839,159.113,1,-1,-1,-1
100,17,318.029,94.3706,67.9016,171.319,1,-1,-1,-1
100,22,392.076,110.444,44.6199,133.964,1,-1,-1,-1
101,3,543.063,110.947,74.8678,156.254,1,-1,-1,-1
101,9,187.873,90.3824,55.7319,159.31,1,-1,-1,-1
101,17,318.45,94.5719,62.1499,165.149,1,-1,-1,-1
101,22,390.689,106.862,45.0454,139.689,1,-1,-1,-1
102,3,543.834,104.301,80.5355,165.111,1,-1,-1,-1
102,9,189.367,94.8195,52.8501,155.094,1,-1,-1,-1
102,17,314.205,94.0797,62.7451,168.505,1,-1,-1,-1
102,22,390.099,107.39,47.4854,137.724,1,-1,-1,-1
102,28,503.086,134.136,53.496,134.246,1,-1,-1,-1
103,3,551.388,105.663,73.2046,162.709,1,-1,-1,-1
103,9,190.262,97.8122,50.9989,154.576,1,-1,-1,-1
103,17,312.318,95.0893,63.4595,168.986,1,-1,-1,-1
103,22,387.647,103.387,49.3592,138.77,1,-1,-1,-1
103,28,496.58,136.972,52.8088,132.981,1,-1,-1,-1
104,3,557.237,105.623,67.3906,163.74,1,-1,-1,-1
104,9,189.014,93.9362,51.4176,157.175,1,-1,-1,-1
104,17,311.247,90.5439,63.9084,169.887,1,-1,-1,-1
104,22,385.427,103.164,53.6095,140.103,1,-1,-1,-1
104,28,492.725,132.932,56.4893,132.416,1,-1,-1,-1
105,3,569.451,106.848,58.4644,159.448,1,-1,-1,-1
105,9,187.26,91.3335,52.9935,158.375,1,-1,-1,-1
105,17,309.963,79.5882,62.8085,176.566,1,-1,-1,-1
105,22,384.119,101.914,57.2015,143.245,1,-1,-1,-1
105,28,489.876,123.061,57.9249,144.953,1,-1,-1,-1
106,3,578.7,106.053,54.2539,158.199,1,-1,-1,-1
106,9,186.254,90.1163,53.3062,159.48,1,-1,-1,-1
106,17,313.986,81.861,55.1294,168.415,1,-1,-1,-1
106,22,382.347,106.253,56.0677,138.645,1,-1,-1,-1
106,28,485.504,116.439,67.2324,149.493,1,-1,-1,-1
107,3,580.279,103.091,54.2686,163.018,1,-1,-1,-1
107,9,186.263,94.4064,52.7086,160.32,1,-1,-1,-1
107,17,312.868,84.9648,53.259,167.527,1,-1,-1,-1
107,22,380.57,109.249,55.0185,135.941,1,-1,-1,-1
107,28,479.776,113.156,70.6159,152.285,1,-1,-1,-1
108,3,582.925,106.358,55.4153,163.478,1,-1,-1,-1
108,9,186.367,95.7259,52.3932,160.313,1,-1,-1,-1
108,17,311.567,86.3535,52.2729,168.477,1,-1,-1,-1
108,22,379.406,111.676,54.0943,134.318,1,-1,-1,-1
108,28,472.931,113.371,81.3222,149.71,1,-1,-1,-1
109,3,583.034,103.882,56.3367,166.423,1,-1,-1,-1
109,9,187.477,99.0637,51.5154,161.44,1,-1,-1,-1
109,17,308.434,72.7311,56.0423,188.54,1,-1,-1,-1
109,22,379.919,112.489,53.089,132.346,1,-1,-1,-1
109,28,471.152,111.445,80.8334,151.449,1,-1,-1,-1
110,3,581.961,103.978,57.7147,168.742,1,-1,-1,-1
110,9,185.628,89.3608,57.147,174.728,1,-1,-1,-1
110,17,309.715,64.4364,53.1785,194.101,1,-1,-1,-1
110,22,379.425,113.055,54.0745,133.042,1,-1,-1,-1
110,28,466.435,116.398,83.0686,147.577,1,-1,-1,-1
111,3,582.244,104.15,57.6533,167.85,1,-1,-1,-1
111,9,183.706,81.4382,61.2147,185.935,1,-1,-1,-1
111,17,310.469,65.0814,53.9466,197.308,1,-1,-1,-1
111,22,381.175,111.8,56.6449,134.54,1,-1,-1,-1
111,28,460.444,119.411,82.1664,145.799,1,-1,-1,-1
111,30,519.491,121.46,49.4326,138.707,1,-1,-1,-1
112,3,586.036,101.952,54.8947,170.033,1,-1,-1,-1
112,9,183.842,79.7321,62.1442,185.03,1,-1,-1,-1
112,17,311.459,67.7669,50.9605,194.664,1,-1,-1,-1
112,22,385.827,114.231,52.9729,130.43,1,-1,-1,-1
112,28,455.446,120.507,78.3399,142.343,1,-1,-1,-1
112,30,512.273,114.994,55.6062,143.901,1,-1,-1,-1
113,3,590.328,99.0737,51.3051,171.321,1,-1,-1,-1
113,9,185.729,87.4039,57.0508,169.43,1,-1,-1,-1
113,17,312.834,70.5607,49.1375,190.425,1,-1,-1,-1
113,22,386.775,114.835,53.2695,128.339,1,-1,-1,-1
113,28,456.022,126.645,66.7673,133.611,1,-1,-1,-1
113,30,507.594,107.267,54.9522,146.226,1,-1,-1,-1
114,3,591.299,101.493,49.7087,168.866,1,-1,-1,-1
114,9,187.127,88.9501,53.6053,162.682,1,-1,-1,-1
114,17,312.228,78.4556,47.6778,183.409,1,-1,-1,-1
114,22,389.182,113.588,53.3945,129.608,1,-1,-1,-1
114,28,455.887,132.122,57.1719,123.202,1,-1,-1,-1
114,30,511.898,106.218,50.5986,136.866,1,-1,-1,-1
115,3,597.826,108.689,43.1477,160.723,1,-1,-1,-1
115,9,187.281,89.5635,52.5031,161.412,1,-1,-1,-1
115,17,307.969,81.12,53.0426,182.367,1,-1,-1,-1
115,22,390.028,118.184,50.6651,125.424,1,-1,-1,-1
115,28,454.176,137.254,53.3651,121.492,1,-1,-1,-1
115,30,511.059,108.059,51.4383,129.807,1,-1,-1,-1
116,3,599.601,107.235,39.9923,151.919,1,-1,-1,-1
116,9,187.545,92.2976,52.1123,158.47,1,-1,-1,-1
116,17,304.601,83.8712,54.5523,176.68,1,-1,-1,-1
116,22,392.501,119.994,48.9242,123.422,1,-1,-1,-1
116,28,453.548,145.681,51.8802,119.419,1,-1,-1,-1
116,30,511.761,108,51.1704,130.748,1,-1,-1,-1
117,3,600.687,102.615,38.7529,149.168,1,-1,-1,-1
117,9,187.253,88.4911,54.1747,159.706,1,-1,-1,-1
117,17,306.659,84.9266,55.0912,177.345,1,-1,-1,-1
117,22,391.982,115.036,50.0775,129.135,1,-1,-1,-1
117,28,450.419,139.592,48.8514,122.263,1,-1,-1,-1
117,30,507.487,111.041,51.812,132.365,1,-1,-1,-1
118,3,602.249,96.3908,37.1543,145.745,1,-1,-1,-1
118,9,187.076,88.8042,55.4595,161.228,1,-1,-1,-1
118,17,304.258,89.2746,50.8258,169.479,1,-1,-1,-1
118,22,393.443,117.612,47.5504,125.802,1,-1,-1,-1
118,28,448.899,134.766,48.513,128.127,1,-1,-1,-1
118,30,504.821,112.908,51.6475,136.829,1,-1,-1,-1
119,3,603.382,94.408,35.7468,139.465,1,-1,-1,-1
119,9,186.966,86.9978,57.3272,165.095,1,-1,-1,-1
119,17,304.181,90.247,47.095,166.536,1,-1,-1,-1
119,22,394.762,112.667,53.1405,135.083,1,-1,-1,-1
119,28,443.484,123.841,47.8026,135.936,1,-1,-1,-1
119,30,502.989,111.682,51.7573,140.924,1,-1,-1,-1
120,3,604.639,96.7553,34.7014,139.616,1,-1,-1,-1
120,9,189.047,89.1894,56.8356,163.37,1,-1,-1,-1
120,17,302.079,84.9958,47.4152,173.527,1,-1,-1,-1
120,22,394.048,111.657,54.2288,135.458,1,-1,-1,-1
120,28,439.941,117.678,46.7525,141.296,1,-1,-1,-1
120,30,497.107,110.349,51.6446,142.939,1,-1,-1,-1
121,3,606.124,99.7977,33.2996,137.266,1,-1,-1,-1
121,9,189.788,89.4744,56.6384,161.738,1,-1,-1,-1
121,17,299.54,83.1781,48.6298,179.058,1,-1,-1,-1
121,22,393.429,109.186,54.3582,136.909,1,-1,-1,-1
121,28,441.215,126.187,41.7957,133.708,1,-1,-1,-1
121,30,502.204,113.097,48.1302,138.588,1,-1,-1,-1
122,9,192.569,87.5629,59.0644,169.646,1,-1,-1,-1
122,17,298.973,78.4067,50.3007,184.831,1,-1,-1,-1
122,22,392.499,111,52.1264,134.39,1,-1,-1,-1
122,28,438.924,123.043,42.1757,137.119,1,-1,-1,-1
122,30,498.229,112.437,47.7552,133.344,1,-1,-1,-1
123,9,191.334,91.4307,59.3956,163.276,1,-1,-1,-1
123,17,296.518,79.8408,52.4766,184.909,1,-1,-1,-1
123,22,391.562,107.002,53.8232,139.884,1,-1,-1,-1
123,28,436.735,119.548,43.1258,148.13,1,-1,-1,-1
123,30,496.551,109.628,47.0119,134.605,1,-1,-1,-1
124,9,191.246,91.8525,58.3992,160.329,1,-1,-1,-1
124,17,294.066,83.1811,55.5738,183.319,1,-1,-1,-1
124,22,392.08,106.646,54.1884,138.295,1,-1,-1,-1
124,28,432.465,114.98,44.9715,151.774,1,-1,-1,-1
124,30,496.175,108.033,49.1031,133.536,1,-1,-1,-1
125,9,191.924,92.6687,57.7416,158.553,1,-1,-1,-1
125,17,295.011,85.6291,54.8256,178.603,1,-1,-1,-1
125,22,391.443,107.129,53.3794,137.318,1,-1,-1,-1
125,28,427.362,117.866,46.7961,150.398,1,-1,-1,-1
125,30,494.15,111.5,49.1419,133.122,1,-1,-1,-1
126,9,193.034,94.0346,58.4178,160.638,1,-1,-1,-1
126,17,293.37,86.7297,57.5868,182.087,1,-1,-1,-1
126,22,394.812,113.865,58.9489,142.508,1,-1,-1,-1
126,30,488.507,108.688,52.5077,145.217,1,-1,-1,-1
127,9,195.047,90.1934,59.4916,165.796,1,-1,-1,-1
127,17,292.143,86.1458,56.7854,181.261,1,-1,-1,-1
127,30,483.843,108.797,62.335,150.961,1,-1,-1,-1
128,9,195.456,89.686,59.2198,165.011,1,-1,-1,-1
128,17,290.993,83.7631,57.4681,178.654,1,-1,-1,-1
128,30,481.55,107.801,58.4049,143.574,1,-1,-1,-1
129,9,195.941,87.5955,58.7942,165.012,1,-1,-1,-1
129,17,288.866,79.074,62.2812,185.231,1,-1,-1,-1
129,28,399.953,120.164,67.5184,152.401,1,-1,-1,-1
129,30,479.736,110.937,62.4557,141.57,1,-1,-1,-1
130,9,194.254,89.3403,58.5404,164.68,1,-1,-1,-1
130,17,289.446,78.6658,64.5115,183.755,1,-1,-1,-1
130,28,395.672,119.534,69.8719,148.398,1,-1,-1,-1
130,30,476.659,112.777,61.0643,140.496,1,-1,-1,-1
131,9,194.024,92.7596,55.8287,156.052,1,-1,-1,-1
131,17,288.471,85.857,63.3796,175.464,1,-1,-1,-1
131,28,395.931,124.167,63.224,144.841,1,-1,-1,-1
131,30,471.992,113.887,63.4589,144.107,1,-1,-1,-1
132,9,193.727,92.5033,54.9347,155.992,1,-1,-1,-1
132,17,286.285,88.707,64.0503,170.063,1,-1,-1,-1
132,28,398.588,123.296,56.5413,139.792,1,-1,-1,-1
132,30,468.911,117.323,65.4194,140.283,1,-1,-1,-1
133,9,194.19,94.7192,53.852,154.036,1,-1,-1,-1
133,17,284.772,91.2901,64.7139,170.489,1,-1,-1,-1
133,28,397.961,121.765,54.7168,139.088,1,-1,-1,-1
133,30,468.689,114.922,65.4234,140.859,1,-1,-1,-1
134,9,191.177,92.0148,53.9584,157.609,1,-1,-1,-1
134,17,285.699,96.4875,60.8685,167.325,1,-1,-1,-1
134,28,395.957,119.268,53.3843,137.749,1,-1,-1,-1
134,30,466.946,113.024,65.4625,142.43,1,-1,-1,-1
135,9,192.767,95.1187,51.6722,159.432,1,-1,-1,-1
135,17,285.326,98.0606,62.5262,166.321,1,-1,-1,-1
135,28,394.503,111.147,56.8623,146.206,1,-1,-1,-1
135,30,468.844,114.205,62.3593,136.494,1,-1,-1,-1
136,9,194.228,90.6498,53.6707,163.069,1,-1,-1,-1
136,17,283.703,97.2943,62.627,167.34,1,-1,-1,-1
136,28,392.277,110.302,59.2164,152.94,1,-1,-1,-1
136,30,466.016,115.045,60.8657,140.276,1,-1,-1,-1
137,9,194.636,89.0973,53.6302,162.328,1,-1,-1,-1
137,17,282.196,100.872,58.0285,157.432,1,-1,-1,-1
137,28,390.453,110.224,59.904,151.682,1,-1,-1,-1
137,30,464.234,116.154,58.6988,135.359,1,-1,-1,-1
138,9,194.47,88.8509,52.3743,161.427,1,-1,-1,-1
138,17,280.355,101.897,59.795,160.423,1,-1,-1,-1
138,28,390.562,115.49,58.9063,149.796,1,-1,-1,-1
138,30,466.715,115.459,57.1262,135.535,1,-1,-1,-1
139,9,191.107,84.1112,57.276,176.007,1,-1,-1,-1
139,17,278.097,102.343,59.2454,160.293,1,-1,-1,-1
139,28,386.928,117.782,62.5557,151.332,1,-1,-1,-1
139,30,464.72,114.669,58.913,138.433,1,-1,-1,-1
139,32,4.13432,107.899,58.2177,140.019,1,-1,-1,-1
140,9,186.473,83.5501,58.8168,179.437,1,-1,-1,-1
140,17,276.224,100.935,57.7118,155.966,1,-1,-1,-1
140,28,384.368,120.295,61.8932,145.838,1,-1,-1,-1
140,30,461.161,116.876,60.36,140.056,1,-1,-1,-1
140,32,5.5498,92.3111,57.6796,152.843,1,-1,-1,-1
141,9,188.519,85.8109,54.408,168.667,1,-1,-1,-1
141,17,275.709,102.786,54.114,150.574,1,-1,-1,-1
141,28,382.149,119.04,61.5831,144.775,1,-1,-1,-1
141,30,461.77,120.552,58.8406,137.157,1,-1,-1,-1
141,32,9.7355,81.7291,60.3843,173.756,1,-1,-1,-1
142,9,190.627,89.0579,50.2291,158.449,1,-1,-1,-1
142,17,273.506,99.9796,52.7649,153.462,1,-1,-1,-1
142,28,381.447,118.911,62.2217,145.727,1,-1,-1,-1
142,30,460.88,119.651,59.5022,146.492,1,-1,-1,-1
142,32,11.0229,88.5596,62.1389,182.586,1,-1,-1,-1
143,9,187.401,89.4673,52.9691,159.153,1,-1,-1,-1
143,17,269.535,94.8232,51.89,157.084,1,-1,-1,-1
143,28,381.29,114.303,67.7152,150.308,1,-1,-1,-1
143,30,460.721,118.877,56.6366,143.645,1,-1,-1,-1
143,32,12.9439,96.1697,61.1342,181.82,1,-1,-1,-1
144,9,188.728,92.3681,51.1896,157.879,1,-1,-1,-1
144,17,265.396,92.3708,54.4348,161.028,1,-1,-1,-1
144,28,379.235,112.793,72.1086,153.705,1,-1,-1,-1
144,30,457.541,116.154,58.8347,145.462,1,-1,-1,-1
144,32,15.039,106.783,58.4555,174.698,1,-1,-1,-1
145,9,189.233,91.0953,49.1326,155.978,1,-1,-1,-1
145,17,267.163,88.0405,55.2039,167.751,1,-1,-1,-1
145,28,378.446,116.431,72.405,148.733,1,-1,-1,-1
145,30,460.628,114.275,57.1443,140.926,1,-1,-1,-1
145,32,20.0665,112.103,56.0208,169.234,1,-1,-1,-1
146,9,190.561,89.3484,48.6685,159.199,1,-1,-1,-1
146,17,267.805,87.5971,54.1544,167.709,1,-1,-1,-1
146,28,384.085,117.261,73.0061,147.881,1,-1,-1,-1
146,30,462.811,115.187,52.5922,135.271,1,-1,-1,-1
146,32,24.8697,113.359,57.1987,170.702,1,-1,-1,-1
147,9,188.288,84.6796,50.6019,169.077,1,-1,-1,-1
147,17,266.039,87.4189,55.42,171.108,1,-1,-1,-1
147,28,395.192,119.565,64.4061,141.112,1,-1,-1,-1
147,30,462.523,112.868,52.4066,137.597,1,-1,-1,-1
147,32,24.5334,113.248,61.6678,176.149,1,-1,-1,-1
148,9,189.451,86.7623,47.5567,167.443,1,-1,-1,-1
148,17,265.256,90.5137,52.4729,163.494,1,-1,-1,-1
148,28,401.364,119.932,53.5395,129.91,1,-1,-1,-1
148,30,459.595,115.579,51.3947,139.567,1,-1,-1,-1
148,32,24.5827,112.24,67.2558,181.046,1,-1,-1,-1
149,9,189.617,85.5834,44.7909,163.37,1,-1,-1,-1
149,17,264.434,92.2075,50.2178,157.179,1,-1,-1,-1
149,28,405.279,120.904,48.3738,127.148,1,-1,-1,-1
149,30,456.016,115.68,52.8802,143.467,1,-1,-1,-1
149,32,26.9623,109.559,71.7252,187.507,1,-1,-1,-1
149,34,362.9,142.253,48.2333,121.538,1,-1,-1,-1
150,9,189.245,85.6967,43.2562,165.585,1,-1,-1,-1
150,17,264.887,91.8953,47.9706,153.374,1,-1,-1,-1
150,28,408.247,121.339,46.9477,127.181,1,-1,-1,-1
150,30,455.509,114.38,55.3962,146.405,1,-1,-1,-1
150,32,30.6481,108.142,70.8986,189.452,1,-1,-1,-1
150,34,361.962,132.306,46.9315,127.275,1,-1,-1,-1
151,9,188.616,85.9638,42.6923,168.871,1,-1,-1,-1
151,17,265.382,92.1349,45.9865,149.494,1,-1,-1,-1
151,28,407.006,122.65,46.7519,131.879,1,-1,-1,-1
151,30,456.418,114.548,55.7663,148.242,1,-1,-1,-1
151,32,36.6954,106.989,65.5896,183.17,1,-1,-1,-1
151,34,359.531,125.066,46.1285,133.978,1,-1,-1,-1
152,9,188.966,84.1578,42.8019,172.028,1,-1,-1,-1
152,17,264.182,90.0314,49.0881,154.152,1,-1,-1,-1
152,28,409.118,123.49,46.5226,135.419,1,-1,-1,-1
152,30,455.551,116.417,54.929,145.73,1,-1,-1,-1
152,32,43.248,112.344,58.7587,174.951,1,-1,-1,-1
152,34,357.651,119.264,41.138,127.468,1,-1,-1,-1
153,9,189.797,84.8194,42.4454,172.491,1,-1,-1,-1
153,17,263.24,94.4628,46.0939,155.869,1,-1,-1,-1
153,28,403.56,117.271,53.8146,143.91,1,-1,-1,-1
153,30,452.604,116.293,53.6447,147.17,1,-1,-1,-1
153,32,47.2844,110.274,59.3055,175.711,1,-1,-1,-1
153,34,354.953,117.979,40.4325,129.391,1,-1,-1,-1
154,9,190.018,85.0518,41.8505,172.841,1,-1,-1,-1
154,17,263.623,98.2639,43.6261,154.991,1,-1,-1,-1
154,28,407.058,116.424,52.1874,141.446,1,-1,-1,-1
154,30,453.577,111.917,56.244,150.508,1,-1,-1,-1
154,32,54.4137,111.68,56.8721,174.639,1,-1,-1,-1
154,34,358.234,116.195,40.2671,132.388,1,-1,-1,-1
155,9,190.854,79.3154,46.0304,178.944,1,-1,-1,-1
155,17,262.29,94.5867,44.0397,159.784,1,-1,-1,-1
155,28,403.331,112.624,58.1024,151.179,1,-1,-1,-1
155,30,449.702,112.125,54.8843,148.093,1,-1,-1,-1
155,32,60.6464,107.737,55.2994,176.178,1,-1,-1,-1
155,34,358.685,112.215,40.0852,138.814,1,-1,-1,-1
156,9,191.572,83.1864,44.272,172.056,1,-1,-1,-1
156,17,260.681,94.8624,42.6279,155.466,1,-1,-1,-1
156,28,402.093,114.16,56.1725,149.615,1,-1,-1,-1
156,30,449.985,111.757,51.8106,144.145,1,-1,-1,-1
156,32,67.8053,107.669,52.4473,174.41,1,-1,-1,-1
156,34,357.635,113.358,41.5747,146.49,1,-1,-1,-1
157,9,191.889,83.8335,43.1974,166.82,1,-1,-1,-1
157,17,261.663,94.5127,44.0102,162.57,1,-1,-1,-1
157,28,403.735,116.031,52.7478,143.326,1,-1,-1,-1
157,30,447.079,112.458,49.3518,142.099,1,-1,-1,-1
157,32,69.783,108.878,56.0085,176.141,1,-1,-1,-1
157,34,353.12,115.459,43.0446,149.181,1,-1,-1,-1
158,9,193.123,85.9934,43.4236,166.262,1,-1,-1,-1
158,17,262.637,96.6539,43.1471,161.917,1,-1,-1,-1
158,28,402.704,118.816,51.2686,142.236,1,-1,-1,-1
158,30,449.845,115.334,45.1183,137.53,1,-1,-1,-1
158,32,75.8826,105.88,59.3944,184.486,1,-1,-1,-1
158,34,348.491,115.018,45.079,146.353,1,-1,-1,-1
159,9,191.734,87.272,43.6346,161.463,1,-1,-1,-1
159,17,261.578,93.8808,43.1858,163.861,1,-1,-1,-1
159,28,403.224,116.27,52.4698,148.273,1,-1,-1,-1
159,30,446.188,115.451,47.8703,141.407,1,-1,-1,-1
159,32,79.4386,102.586,60.3837,184.205,1,-1,-1,-1
159,34,344.197,112.803,46.8367,149.779,1,-1,-1,-1
160,9,192.617,86.8659,44.5032,163.944,1,-1,-1,-1
160,17,261.946,95.5263,43.4865,163.519,1,-1,-1,-1
160,28,400.792,118.873,52.0774,146.154,1,-1,-1,-1
160,30,441.706,112.452,53.8121,149.049,1,-1,-1,-1
160,32,82.6763,102.792,59.0266,170.189,1,-1,-1,-1
160,34,343.537,118.021,45.5827,147.944,1,-1,-1,-1
161,9,193.85,86.8822,44.6268,161.748,1,-1,-1,-1
161,17,261.369,91.7987,44.9347,168.307,1,-1,-1,-1
161,28,400.228,118.961,50.2158,143.019,1,-1,-1,-1
161,30,440.011,115.441,54.5036,144.675,1,-1,-1,-1
161,32,88.0087,102.804,56.8426,165.968,1,-1,-1,-1
161,34,341.651,117.672,47.3999,150.654,1,-1,-1,-1
162,9,193.791,85.4061,45.663,165.943,1,-1,-1,-1
162,17,261.492,93.5258,45.6239,164.964,1,-1,-1,-1
162,28,400.958,117.202,50.133,148.782,1,-1,-1,-1
162,30,434.076,112.116,65.6944,152.624,1,-1,-1,-1
162,32,89.4442,100.308,58.7981,170.335,1,-1,-1,-1
162,34,340.427,118.371,47.7986,151.258,1,-1,-1,-1
163,9,192.885,84.9548,47.0128,166.037,1,-1,-1,-1
163,17,262.632,94.5899,43.9686,161.216,1,-1,-1,-1
163,28,397.229,115.529,51.5493,149.897,1,-1,-1,-1
163,30,435.894,115.458,61.3754,148.075,1,-1,-1,-1
163,32,95.6249,89.2937,61.3308,183.366,1,-1,-1,-1
163,34,342.462,118.822,43.8339,141.807,1,-1,-1,-1
164,9,192.026,86.235,50.0261,167.361,1,-1,-1,-1
164,17,262.311,91.4581,44.3688,165.812,1,-1,-1,-1
164,28,396.759,119.138,49.6067,146.069,1,-1,-1,-1
164,30,439.797,118.281,55.576,137.839,1,-1,-1,-1
164,32,97.2983,86.0474,64.2792,187.512,1,-1,-1,-1
164,34,341.108,120.457,42.8176,140.631,1,-1,-1,-1
165,9,190.629,84.3768,50.4519,170.941,1,-1,-1,-1
165,17,263.13,90.4329,45.2879,163.815,1,-1,-1,-1
165,28,396.702,116.159,48.3817,142.727,1,-1,-1,-1
165,30,439.158,117.782,53.8982,135.625,1,-1,-1,-1
165,32,106.425,90.4473,61.6514,185.58,1,-1,-1,-1
165,34,338.591,117.162,41.186,139.634,1,-1,-1,-1
166,9,190.378,84.4587,51.2039,170.654,1,-1,-1,-1
166,17,262.502,92.9897,44.0193,158.717,1,-1,-1,-1
166,28,394.197,113.737,51.6183,146.572,1,-1,-1,-1
166,30,436.766,119.925,53.9854,136.194,1,-1,-1,-1
166,32,106.139,95.0171,63.3252,183.357,1,-1,-1,-1
166,34,338.42,114.961,41.3983,143.356,1,-1,-1,-1
167,9,189.978,84.8747,50.3037,169.038,1,-1,-1,-1
167,17,260.084,85.5966,46.8197,164.764,1,-1,-1,-1
167,28,393.504,116.163,48.2404,144.296,1,-1,-1,-1
167,30,435.91,120.376,52.3653,135.417,1,-1,-1,-1
167,32,106.788,93.2634,66.3481,187.369,1,-1,-1,-1
167,34,338.287,115.851,40.5364,140.573,1,-1,-1,-1
168,9,189.621,82.5051,50.5048,171.255,1,-1,-1,-1
168,17,260.551,86.6421,47.0031,162.007,1,-1,-1,-1
168,28,392.701,118.869,45.4272,140.414,1,-1,-1,-1
168,30,435.457,120.221,51.254,142.722,1,-1,-1,-1
168,32,107.093,90.6477,69.483,193.838,1,-1,-1,-1
168,34,336.879,114.843,40.5909,138.197,1,-1,-1,-1
169,9,190.471,84.8383,48.7034,166.747,1,-1,-1,-1
169,17,261.316,87.4826,46.2478,158.782,1,-1,-1,-1
169,28,390.384,118.086,46.3168,144.112,1,-1,-1,-1
169,30,434.863,118.51,53.9204,146.379,1,-1,-1,-1
169,32,114.386,97.2855,64.5782,187.839,1,-1,-1,-1
169,34,332.495,115.234,45.3747,139.587,1,-1,-1,-1
170,9,190.454,86.4979,48.5101,163.559,1,-1,-1,-1
170,17,261.283,87.3089,46.524,160.016,1,-1,-1,-1
170,28,387.755,113.618,50.272,148.756,1,-1,-1,-1
170,30,434.388,112.301,55.7822,151.801,1,-1,-1,-1
170,32,118.251,98.8625,61.9864,182.015,1,-1,-1,-1
170,34,333.09,117.576,43.1963,132.907,1,-1,-1,-1
171,9,191.057,87.3971,49.9319,167.241,1,-1,-1,-1
171,17,258.463,83.8134,49.4277,171.722,1,-1,-1,-1
171,28,386.148,112.605,52.3665,151.889,1,-1,-1,-1
171,30,430.332,112.665,57.5151,151.971,1,-1,-1,-1
171,32,124.294,89.958,58.8218,185.681,1,-1,-1,-1
171,34,328.62,118.3,47.0512,138.348,1,-1,-1,-1
172,9,192.308,84.3778,49.637,172.144,1,-1,-1,-1
172,17,259.285,86.5607,48.7844,165.607,1,-1,-1,-1
172,28,382.81,112.123,51.8261,149.555,1,-1,-1,-1
172,30,425.768,111.21,57.0707,156.057,1,-1,-1,-1
172,32,128.493,89.3881,55.8108,184.766,1,-1,-1,-1
172,34,326.75,117.677,48.5811,141.27,1,-1,-1,-1
173,9,189.603,89.9869,49.4467,166.047,1,-1,-1,-1
173,17,257.395,84.7421,51.7299,168.367,1,-1,-1,-1
173,28,382.423,113.44,50.3971,144.289,1,-1,-1,-1
173,30,422.507,107.857,61.1856,156.648,1,-1,-1,-1
173,32,129.471,80.7777,56.9279,191.405,1,-1,-1,-1
173,34,325.94,118.428,48.4725,139.018,1,-1,-1,-1
174,9,187.364,89.6658,50.4793,169.494,1,-1,-1,-1
174,17,255.381,83.5569,54.0307,172.169,1,-1,-1,-1
174,28,379.006,113.026,51.3414,149.122,1,-1,-1,-1
174,30,421.567,110.594,58.9761,157.049,1,-1,-1,-1
174,32,123.927,69.4664,61.3262,206.493,1,-1,-1,-1
174,34,326.206,119.225,43.6968,132.579,1,-1,-1,-1
175,9,189.549,95.2724,48.2836,162.179,1,-1,-1,-1
175,17,255.759,83.562,53.2767,171.299,1,-1,-1,-1
175,28,375.098,117.654,50.5404,144.289,1,-1,-1,-1
175,30,424.755,112.224,56.5125,154.532,1,-1,-1,-1
175,32,131.378,77.3818,56.9241,194.364,1,-1,-1,-1
175,34,326.327,122.936,43.0388,129.588,1,-1,-1,-1
176,9,192.976,97.8989,43.3982,153.675,1,-1,-1,-1
176,17,255.774,83.5875,53.0377,170.289,1,-1,-1,-1
176,28,374.011,116.445,50.5537,142.252,1,-1,-1,-1
176,30,425.327,113.662,54.5538,153.585,1,-1,-1,-1
176,32,139.409,83.3485,57.1736,192.669,1,-1,-1,-1
176,34,325.843,120.283,44.1146,130.178,1,-1,-1,-1
177,9,196.249,96.3499,40.726,149.623,1,-1,-1,-1
177,17,254.912,79.476,54.278,176.033,1,-1,-1,-1
177,28,375.733,117.43,50.0197,140.656,1,-1,-1,-1
177,30,419.651,108.626,62.2002,162.065,1,-1,-1,-1
177,32,143.898,80.3908,59.8703,197.351,1,-1,-1,-1
177,34,325.184,116.066,45.1537,135.42,1,-1,-1,-1
178,9,196.752,96.1997,40.2412,147,1,-1,-1,-1
178,17,257.786,85.2972,47.9607,168.81,1,-1,-1,-1
178,28,369.186,113.279,58.1477,148.908,1,-1,-1,-1
178,30,420.654,109.513,57.7303,157.727,1,-1,-1,-1
178,32,144.058,83.8429,67.4473,202.995,1,-1,-1,-1
178,34,324.513,112.232,45.2303,139.842,1,-1,-1,-1
179,9,199.996,94.642,35.9888,144.738,1,-1,-1,-1
179,17,257.506,83.265,48.1526,171.535,1,-1,-1,-1
179,28,368.833,111.774,57.3908,151.768,1,-1,-1,-1
179,30,420.61,111.417,56.4302,155.045,1,-1,-1,-1
179,32,148.63,83.8218,75.4771,202.351,1,-1,-1,-1
179,34,323.356,112.057,45.5815,140.107,1,-1,-1,-1
