1,884,520.62,113.60,30.20,124.09,1,-1,-1,-1
1,883,437.16,94.92,85.08,237.23,1,-1,-1,-1
1,882,100.81,87.25,56.32,224.15,1,-1,-1,-1
1,881,181.39,89.67,75.92,245.93,1,-1,-1,-1
1,880,570.79,80.83,68.21,203.59,1,-1,-1,-1
1,879,340.83,79.50,87.66,244.25,1,-1,-1,-1
2,885,327.72,124.83,24.34,96.08,1,-1,-1,-1
2,884,522.01,104.48,35.70,132.38,1,-1,-1,-1
2,883,445.49,100.46,72.20,217.81,1,-1,-1,-1
2,882,97.09,83.23,58.39,232.22,1,-1,-1,-1
2,881,186.49,89.57,69.89,234.79,1,-1,-1,-1
2,880,573.60,82.08,65.72,200.38,1,-1,-1,-1
2,879,349.81,89.32,86.32,241.18,1,-1,-1,-1
3,884,516.16,113.42,34.87,132.55,1,-1,-1,-1
3,883,446.62,84.82,75.38,222.43,1,-1,-1,-1
3,882,89.60,89.99,64.83,230.09,1,-1,-1,-1
3,881,188.34,80.80,78.94,242.39,1,-1,-1,-1
3,880,568.70,82.65,69.05,201.25,1,-1,-1,-1
3,879,350.80,80.38,91.28,248.43,1,-1,-1,-1
4,884,511.81,110.54,36.79,137.96,1,-1,-1,-1
4,883,453.28,85.77,76.18,225.90,1,-1,-1,-1
4,882,82.75,95.98,68.74,232.37,1,-1,-1,-1
4,881,190.06,85.40,77.19,230.38,1,-1,-1,-1
4,880,568.98,84.24,69.07,197.43,1,-1,-1,-1
4,879,351.66,75.02,92.86,249.43,1,-1,-1,-1
5,884,511.93,109.80,39.74,139.98,1,-1,-1,-1
5,883,455.61,88.70,82.95,236.97,1,-1,-1,-1
5,882,74.35,95.20,72.70,227.60,1,-1,-1,-1
5,881,192.94,83.53,76.35,224.65,1,-1,-1,-1
5,880,567.82,88.43,62.87,191.84,1,-1,-1,-1
5,879,354.25,73.55,97.82,251.85,1,-1,-1,-1
6,883,451.96,79.37,88.93,245.58,1,-1,-1,-1
6,882,63.08,87.79,78.48,232.90,1,-1,-1,-1
6,881,203.76,87.78,75.69,221.26,1,-1,-1,-1
6,880,564.51,86.93,67.10,199.21,1,-1,-1,-1
6,879,358.02,79.06,98.08,246.52,1,-1,-1,-1
7,883,459.21,76.34,86.39,243.57,1,-1,-1,-1
7,882,55.48,90.84,84.81,235.49,1,-1,-1,-1
7,881,210.40,95.86,76.21,215.13,1,-1,-1,-1
7,880,562.39,88.69,68.26,197.98,1,-1,-1,-1
7,879,362.25,82.54,96.00,241.47,1,-1,-1,-1
8,883,467.48,80.97,80.39,238.81,1,-1,-1,-1
8,882,48.31,96.44,86.06,233.79,1,-1,-1,-1
8,881,213.33,97.41,82.74,221.07,1,-1,-1,-1
8,880,559.07,89.90,70.96,198.65,1,-1,-1,-1
8,879,362.77,80.12,94.46,237.83,1,-1,-1,-1
9,887,173.66,86.36,51.39,172.63,1,-1,-1,-1
9,883,464.74,78.64,83.18,242.32,1,-1,-1,-1
9,882,42.55,96.28,82.52,227.65,1,-1,-1,-1
9,881,219.54,102.22,82.24,216.61,1,-1,-1,-1
9,880,558.23,91.83,72.17,196.33,1,-1,-1,-1
9,879,365.62,85.61,91.22,234.84,1,-1,-1,-1
10,887,175.15,87.88,50.77,170.23,1,-1,-1,-1
10,883,466.54,77.31,80.92,241.60,1,-1,-1,-1
10,882,40.87,95.97,74.97,227.17,1,-1,-1,-1
10,881,225.48,98.87,80.38,216.51,1,-1,-1,-1
10,880,556.50,88.90,75.30,197.58,1,-1,-1,-1
10,879,371.26,86.25,89.10,236.02,1,-1,-1,-1
11,887,174.39,89.30,51.92,171.57,1,-1,-1,-1
11,883,468.42,80.48,80.25,241.09,1,-1,-1,-1
11,882,36.93,98.72,69.87,221.71,1,-1,-1,-1
11,881,229.49,101.46,80.58,214.82,1,-1,-1,-1
11,880,554.86,88.88,76.32,195.21,1,-1,-1,-1
11,879,372.17,82.66,92.23,236.16,1,-1,-1,-1
12,887,173.06,89.46,51.07,167.71,1,-1,-1,-1
12,883,472.07,85.71,80.93,238.28,1,-1,-1,-1
12,882,28.85,92.26,67.85,220.15,1,-1,-1,-1
12,881,234.44,101.15,81.44,218.31,1,-1,-1,-1
12,880,557.65,86.51,74.58,196.37,1,-1,-1,-1
12,879,375.78,84.26,90.73,235.99,1,-1,-1,-1
13,887,175.29,87.72,52.01,170.45,1,-1,-1,-1
13,883,471.77,86.34,79.94,236.05,1,-1,-1,-1
13,882,25.45,96.50,65.91,220.78,1,-1,-1,-1
13,881,233.11,91.87,82.47,222.51,1,-1,-1,-1
13,880,556.63,86.65,73.48,195.56,1,-1,-1,-1
13,879,379.60,80.34,87.21,235.50,1,-1,-1,-1
14,887,176.33,89.39,49.63,164.50,1,-1,-1,-1
14,883,476.06,84.09,84.48,239.85,1,-1,-1,-1
14,882,25.25,102.23,64.58,220.05,1,-1,-1,-1
14,881,236.20,94.35,80.30,220.61,1,-1,-1,-1
14,880,555.41,88.56,71.43,192.89,1,-1,-1,-1
14,879,381.20,76.37,90.85,240.98,1,-1,-1,-1
15,887,176.34,94.06,46.27,158.74,1,-1,-1,-1
15,883,475.92,90.34,87.26,231.70,1,-1,-1,-1
15,882,14.20,99.28,71.50,222.61,1,-1,-1,-1
15,881,242.50,95.11,78.38,218.23,1,-1,-1,-1
15,880,549.02,94.78,71.27,186.82,1,-1,-1,-1
15,879,386.19,79.55,91.56,238.74,1,-1,-1,-1
16,887,175.04,92.86,46.06,161.05,1,-1,-1,-1
16,883,480.07,91.35,86.48,229.54,1,-1,-1,-1
16,882,12.18,95.98,69.20,224.51,1,-1,-1,-1
16,881,246.85,95.63,76.33,214.11,1,-1,-1,-1
16,880,547.21,94.50,75.18,180.83,1,-1,-1,-1
16,879,388.03,82.50,92.63,240.97,1,-1,-1,-1
17,887,174.83,90.16,47.15,161.94,1,-1,-1,-1
17,883,479.84,88.04,85.69,229.41,1,-1,-1,-1
17,882,6.07,100.48,71.98,226.00,1,-1,-1,-1
17,881,250.07,95.74,76.18,211.92,1,-1,-1,-1
17,880,543.01,96.60,75.95,180.85,1,-1,-1,-1
17,879,388.28,81.78,95.18,240.99,1,-1,-1,-1
18,887,173.39,90.27,47.11,168.98,1,-1,-1,-1
18,883,484.84,85.43,90.11,230.60,1,-1,-1,-1
18,882,1.89,98.48,71.68,225.15,1,-1,-1,-1
18,881,254.79,97.96,75.01,210.89,1,-1,-1,-1
18,880,545.86,98.40,78.73,174.81,1,-1,-1,-1
18,879,388.86,84.47,93.07,241.48,1,-1,-1,-1
19,887,174.99,91.20,45.09,165.41,1,-1,-1,-1
19,883,489.30,84.90,96.15,237.33,1,-1,-1,-1
19,882,-0.57,96.98,70.44,225.68,1,-1,-1,-1
19,881,256.78,93.42,76.74,211.95,1,-1,-1,-1
19,880,543.41,94.94,80.96,166.06,1,-1,-1,-1
19,879,392.25,84.17,90.77,242.16,1,-1,-1,-1
20,887,178.03,85.86,47.33,164.57,1,-1,-1,-1
20,883,493.84,85.08,97.39,238.53,1,-1,-1,-1
20,882,-1.79,95.26,69.37,229.65,1,-1,-1,-1
20,881,261.43,93.13,78.10,212.45,1,-1,-1,-1
20,880,562.57,103.49,72.41,158.17,1,-1,-1,-1
20,879,391.10,85.66,96.50,239.33,1,-1,-1,-1
21,887,176.39,86.31,46.24,165.16,1,-1,-1,-1
21,883,498.10,87.01,95.07,236.09,1,-1,-1,-1
21,882,-3.54,97.56,66.98,233.62,1,-1,-1,-1
21,881,259.25,97.95,78.46,211.07,1,-1,-1,-1
21,880,575.58,106.58,60.67,149.86,1,-1,-1,-1
21,879,392.78,86.99,95.37,238.83,1,-1,-1,-1
22,887,175.91,86.67,46.01,163.24,1,-1,-1,-1
22,883,501.40,82.71,95.55,234.46,1,-1,-1,-1
22,882,-5.12,102.52,60.99,233.81,1,-1,-1,-1
22,881,261.75,97.75,79.88,206.13,1,-1,-1,-1
22,880,583.68,110.06,53.29,142.85,1,-1,-1,-1
22,879,397.99,84.98,96.99,234.44,1,-1,-1,-1
23,887,176.20,84.68,45.31,162.64,1,-1,-1,-1
23,883,504.23,79.60,94.79,235.41,1,-1,-1,-1
23,882,-4.72,108.86,56.61,227.67,1,-1,-1,-1
23,881,268.88,101.03,74.90,205.43,1,-1,-1,-1
23,880,587.50,110.02,48.74,137.03,1,-1,-1,-1
23,879,404.36,85.32,94.44,232.90,1,-1,-1,-1
24,887,176.47,83.20,44.94,163.03,1,-1,-1,-1
24,883,504.13,77.68,92.36,233.54,1,-1,-1,-1
24,881,276.83,98.00,76.64,208.19,1,-1,-1,-1
24,880,586.38,109.68,46.09,133.08,1,-1,-1,-1
24,879,407.44,79.81,95.41,234.01,1,-1,-1,-1
25,887,176.33,88.02,45.35,159.00,1,-1,-1,-1
25,883,508.39,79.74,90.23,234.20,1,-1,-1,-1
25,881,280.43,100.18,73.60,207.73,1,-1,-1,-1
25,880,582.79,113.18,48.03,130.81,1,-1,-1,-1
25,879,411.51,82.76,92.90,232.11,1,-1,-1,-1
26,887,176.43,92.33,45.31,155.19,1,-1,-1,-1
26,883,509.76,81.24,88.70,226.67,1,-1,-1,-1
26,881,280.73,98.16,75.77,202.95,1,-1,-1,-1
26,880,581.53,112.01,48.99,134.18,1,-1,-1,-1
26,879,417.83,82.12,91.76,230.57,1,-1,-1,-1
27,887,174.64,88.99,48.17,155.96,1,-1,-1,-1
27,883,510.74,83.85,89.30,221.83,1,-1,-1,-1
27,881,284.64,94.93,78.95,203.75,1,-1,-1,-1
27,880,578.38,108.69,51.63,139.92,1,-1,-1,-1
27,879,417.94,81.35,91.68,233.87,1,-1,-1,-1
28,887,175.48,93.38,46.93,154.64,1,-1,-1,-1
28,883,515.28,90.42,95.47,217.40,1,-1,-1,-1
28,881,291.52,95.36,75.80,204.94,1,-1,-1,-1
28,879,423.64,81.85,92.01,232.31,1,-1,-1,-1
29,887,173.97,89.84,48.64,159.41,1,-1,-1,-1
29,883,513.44,95.43,104.30,215.93,1,-1,-1,-1
29,881,299.65,96.75,76.15,204.43,1,-1,-1,-1
29,879,424.66,82.75,89.82,233.25,1,-1,-1,-1
30,887,173.65,90.53,49.51,160.30,1,-1,-1,-1
30,883,510.74,98.47,111.54,214.03,1,-1,-1,-1
30,881,302.50,94.77,79.10,202.23,1,-1,-1,-1
30,879,432.28,84.94,88.60,229.14,1,-1,-1,-1
31,887,173.82,92.25,50.27,158.40,1,-1,-1,-1
31,883,517.52,99.36,104.47,213.13,1,-1,-1,-1
31,881,303.70,93.63,78.38,202.90,1,-1,-1,-1
31,880,593.48,149.32,35.64,103.73,1,-1,-1,-1
31,879,434.20,86.43,87.44,227.87,1,-1,-1,-1
32,890,497.30,80.92,38.53,74.57,1,-1,-1,-1
32,887,173.85,87.95,50.64,161.06,1,-1,-1,-1
32,883,523.27,98.32,99.45,214.35,1,-1,-1,-1
32,881,308.15,93.42,75.92,205.18,1,-1,-1,-1
32,879,438.65,82.64,87.40,228.14,1,-1,-1,-1
33,890,495.12,81.24,44.66,63.92,1,-1,-1,-1
33,887,175.20,90.94,48.38,162.63,1,-1,-1,-1
33,883,531.32,95.92,94.49,216.40,1,-1,-1,-1
33,881,312.10,94.19,75.20,205.18,1,-1,-1,-1
33,879,445.91,87.15,96.62,218.81,1,-1,-1,-1
34,887,175.78,90.86,46.39,162.42,1,-1,-1,-1
34,883,536.40,91.31,88.57,218.74,1,-1,-1,-1
34,881,317.42,94.76,76.72,203.18,1,-1,-1,-1
34,879,449.95,93.62,98.83,215.82,1,-1,-1,-1
35,887,176.14,92.10,46.07,158.82,1,-1,-1,-1
35,883,546.05,88.06,88.30,219.45,1,-1,-1,-1
35,881,321.56,100.89,77.32,202.45,1,-1,-1,-1
35,879,451.63,88.64,97.46,218.32,1,-1,-1,-1
36,887,176.32,94.14,44.45,156.71,1,-1,-1,-1
36,883,544.94,89.66,87.93,223.11,1,-1,-1,-1
36,881,319.46,99.72,81.57,201.48,1,-1,-1,-1
36,879,449.64,84.11,100.78,217.18,1,-1,-1,-1
37,887,174.33,95.90,47.21,156.93,1,-1,-1,-1
37,883,543.07,85.57,89.46,224.80,1,-1,-1,-1
37,881,324.41,93.56,84.10,203.77,1,-1,-1,-1
37,879,447.94,86.87,100.17,218.47,1,-1,-1,-1
38,887,176.49,94.11,47.18,157.11,1,-1,-1,-1
38,883,552.57,87.54,84.25,225.20,1,-1,-1,-1
38,881,329.18,98.11,80.53,199.87,1,-1,-1,-1
38,879,446.83,85.76,99.26,218.63,1,-1,-1,-1
39,887,177.45,98.48,46.52,154.50,1,-1,-1,-1
39,883,552.14,83.34,84.93,221.73,1,-1,-1,-1
39,881,332.09,99.50,80.53,199.86,1,-1,-1,-1
39,879,446.89,87.12,99.45,217.87,1,-1,-1,-1
40,887,177.40,98.87,47.54,157.56,1,-1,-1,-1
40,883,556.28,83.21,81.44,220.91,1,-1,-1,-1
40,881,338.00,98.83,74.89,198.26,1,-1,-1,-1
40,879,452.52,84.12,98.87,217.31,1,-1,-1,-1
41,887,173.75,94.27,49.63,157.64,1,-1,-1,-1
41,883,558.52,85.98,79.54,220.84,1,-1,-1,-1
41,881,344.21,97.39,73.15,201.81,1,-1,-1,-1
41,879,458.47,86.74,97.55,215.32,1,-1,-1,-1
42,887,172.99,92.18,51.12,156.81,1,-1,-1,-1
42,883,558.82,86.67,77.62,218.95,1,-1,-1,-1
42,881,348.67,98.81,70.68,200.78,1,-1,-1,-1
42,879,461.97,90.39,96.40,214.99,1,-1,-1,-1
43,893,439.28,116.23,29.75,121.68,1,-1,-1,-1
43,887,175.01,92.86,51.65,158.15,1,-1,-1,-1
43,883,561.31,88.42,76.13,220.48,1,-1,-1,-1
43,881,354.17,99.25,67.81,198.21,1,-1,-1,-1
43,879,464.78,84.30,95.06,215.51,1,-1,-1,-1
44,893,438.60,117.32,32.28,127.26,1,-1,-1,-1
44,887,172.89,94.21,49.82,156.62,1,-1,-1,-1
44,883,564.44,90.29,75.30,221.82,1,-1,-1,-1
44,881,356.70,96.72,65.93,196.88,1,-1,-1,-1
44,879,462.17,87.09,96.38,211.92,1,-1,-1,-1
45,893,436.18,113.37,35.73,135.81,1,-1,-1,-1
45,887,172.52,94.48,48.83,158.04,1,-1,-1,-1
45,883,568.29,93.05,73.13,220.21,1,-1,-1,-1
45,881,361.02,97.41,66.05,198.54,1,-1,-1,-1
45,879,466.57,91.66,96.20,215.28,1,-1,-1,-1
46,893,432.96,112.11,38.24,142.72,1,-1,-1,-1
46,887,171.44,88.76,50.51,159.47,1,-1,-1,-1
46,883,567.14,94.36,70.75,221.98,1,-1,-1,-1
46,881,361.79,98.88,67.22,192.90,1,-1,-1,-1
46,879,465.81,91.12,99.93,216.89,1,-1,-1,-1
47,893,430.22,107.84,39.11,154.48,1,-1,-1,-1
47,887,175.36,91.81,49.60,158.35,1,-1,-1,-1
47,883,569.95,90.67,69.89,225.98,1,-1,-1,-1
47,881,368.59,100.56,67.59,190.93,1,-1,-1,-1
47,879,466.98,89.58,99.27,221.41,1,-1,-1,-1
48,893,435.65,103.54,40.66,167.26,1,-1,-1,-1
48,887,171.16,91.75,51.25,157.52,1,-1,-1,-1
48,883,574.02,87.45,67.28,228.55,1,-1,-1,-1
48,881,369.54,103.68,71.87,190.11,1,-1,-1,-1
48,879,467.76,91.92,104.12,221.96,1,-1,-1,-1
49,893,448.37,101.28,45.40,179.49,1,-1,-1,-1
49,887,174.18,90.91,50.34,157.47,1,-1,-1,-1
49,883,577.89,77.12,64.57,236.86,1,-1,-1,-1
49,881,374.79,102.44,68.58,188.39,1,-1,-1,-1
49,879,475.57,92.43,105.24,224.01,1,-1,-1,-1
50,893,449.16,97.66,49.18,193.81,1,-1,-1,-1
50,887,172.41,91.45,51.28,160.36,1,-1,-1,-1
50,883,577.80,68.27,62.01,246.72,1,-1,-1,-1
50,881,380.15,103.11,69.16,187.77,1,-1,-1,-1
50,879,481.38,96.44,104.70,217.09,1,-1,-1,-1
51,893,449.11,93.37,49.33,196.91,1,-1,-1,-1
51,887,172.24,94.22,48.95,158.98,1,-1,-1,-1
51,883,583.09,74.63,58.83,247.11,1,-1,-1,-1
51,881,383.11,104.74,69.81,184.03,1,-1,-1,-1
51,879,488.83,94.19,104.60,218.27,1,-1,-1,-1
52,893,441.63,92.75,54.03,193.65,1,-1,-1,-1
52,887,172.84,95.60,46.37,158.87,1,-1,-1,-1
52,883,581.23,74.75,56.56,244.27,1,-1,-1,-1
52,881,385.75,103.36,72.47,182.95,1,-1,-1,-1
52,879,491.31,91.44,102.49,217.70,1,-1,-1,-1
53,887,173.13,95.67,45.90,157.48,1,-1,-1,-1
53,883,582.79,66.99,54.71,241.50,1,-1,-1,-1
53,881,393.71,101.78,81.15,182.79,1,-1,-1,-1
53,879,497.66,90.47,97.96,216.77,1,-1,-1,-1
54,887,173.31,97.46,45.77,160.43,1,-1,-1,-1
54,883,584.90,67.96,52.82,228.30,1,-1,-1,-1
54,881,394.92,95.15,84.92,186.27,1,-1,-1,-1
54,879,503.02,90.16,97.91,214.40,1,-1,-1,-1
55,887,172.85,95.57,44.96,156.49,1,-1,-1,-1
55,883,589.25,73.20,48.45,209.15,1,-1,-1,-1
55,881,399.17,100.83,83.74,185.99,1,-1,-1,-1
55,879,509.65,90.66,97.64,216.30,1,-1,-1,-1
56,887,174.79,99.84,45.76,158.46,1,-1,-1,-1
56,883,587.52,76.59,46.77,193.81,1,-1,-1,-1
56,881,401.84,96.69,88.79,189.18,1,-1,-1,-1
56,879,510.77,87.84,97.21,216.48,1,-1,-1,-1
57,887,172.88,97.73,46.33,157.96,1,-1,-1,-1
57,883,586.20,85.66,50.36,153.80,1,-1,-1,-1
57,881,405.77,92.28,87.47,192.31,1,-1,-1,-1
57,879,513.55,91.45,93.90,213.33,1,-1,-1,-1
58,887,175.92,89.80,46.43,157.03,1,-1,-1,-1
58,883,587.79,90.38,45.80,134.44,1,-1,-1,-1
58,881,407.38,95.61,87.65,193.30,1,-1,-1,-1
58,879,516.15,87.38,90.35,211.98,1,-1,-1,-1
59,887,173.85,90.91,46.77,156.26,1,-1,-1,-1
59,883,591.55,97.91,41.11,118.77,1,-1,-1,-1
59,881,404.90,99.56,89.95,193.43,1,-1,-1,-1
59,879,524.32,89.54,88.17,212.47,1,-1,-1,-1
60,894,594.76,176.26,31.12,77.84,1,-1,-1,-1
60,887,175.94,87.54,47.32,157.43,1,-1,-1,-1
60,881,407.30,95.87,90.88,193.58,1,-1,-1,-1
60,879,527.80,89.62,85.07,209.40,1,-1,-1,-1
61,894,594.69,181.03,29.38,70.38,1,-1,-1,-1
61,887,172.03,89.51,47.92,155.91,1,-1,-1,-1
61,881,406.52,94.90,90.89,194.48,1,-1,-1,-1
61,879,537.03,94.39,81.57,202.54,1,-1,-1,-1
62,894,594.03,184.63,27.92,64.00,1,-1,-1,-1
62,887,174.72,86.13,48.68,156.63,1,-1,-1,-1
62,881,405.61,96.68,87.94,194.58,1,-1,-1,-1
62,879,540.00,95.57,77.28,200.58,1,-1,-1,-1
63,894,587.51,163.82,35.07,82.82,1,-1,-1,-1
63,887,172.91,85.48,50.73,156.48,1,-1,-1,-1
63,881,412.14,96.16,83.74,196.72,1,-1,-1,-1
63,879,542.38,92.15,76.45,202.75,1,-1,-1,-1
64,887,174.53,85.46,50.02,154.03,1,-1,-1,-1
64,881,418.57,98.72,84.26,194.64,1,-1,-1,-1
64,879,546.11,90.45,75.64,200.81,1,-1,-1,-1
65,887,171.52,83.95,50.74,157.81,1,-1,-1,-1
65,881,423.56,97.15,81.56,191.69,1,-1,-1,-1
65,879,548.77,92.97,75.90,201.66,1,-1,-1,-1
66,895,394.99,82.04,82.29,210.59,1,-1,-1,-1
66,887,169.30,83.92,52.12,159.42,1,-1,-1,-1
66,879,550.69,93.87,75.83,202.63,1,-1,-1,-1
67,895,392.66,84.26,76.67,205.78,1,-1,-1,-1
67,887,169.28,89.37,51.50,160.50,1,-1,-1,-1
67,879,553.04,94.27,76.53,200.91,1,-1,-1,-1
68,895,389.63,84.56,67.93,197.73,1,-1,-1,-1
68,887,170.28,90.07,50.37,159.76,1,-1,-1,-1
68,879,555.88,88.75,75.79,201.16,1,-1,-1,-1
69,895,383.02,88.04,68.57,196.64,1,-1,-1,-1
69,887,173.17,88.85,49.76,162.99,1,-1,-1,-1
69,881,445.18,94.54,65.47,186.66,1,-1,-1,-1
69,879,555.27,91.85,78.52,200.77,1,-1,-1,-1
70,895,378.96,89.72,66.21,193.88,1,-1,-1,-1
70,887,169.12,93.46,49.12,163.86,1,-1,-1,-1
70,881,448.86,97.75,61.65,187.18,1,-1,-1,-1
70,879,557.99,95.94,78.73,197.12,1,-1,-1,-1
71,895,383.05,82.91,62.03,193.01,1,-1,-1,-1
71,887,168.25,90.82,48.30,162.69,1,-1,-1,-1
71,881,451.53,96.83,60.30,186.23,1,-1,-1,-1
71,879,560.38,95.49,78.68,199.81,1,-1,-1,-1
72,895,384.13,92.88,60.95,188.15,1,-1,-1,-1
72,887,172.24,89.62,48.05,163.79,1,-1,-1,-1
72,881,454.27,97.07,58.22,186.87,1,-1,-1,-1
72,879,562.30,92.16,78.03,203.27,1,-1,-1,-1
73,895,384.47,90.25,58.84,186.75,1,-1,-1,-1
73,887,175.58,87.26,46.81,163.53,1,-1,-1,-1
73,881,458.27,96.11,59.18,184.94,1,-1,-1,-1
73,879,561.01,88.49,78.46,206.58,1,-1,-1,-1
74,895,381.37,93.17,58.97,184.03,1,-1,-1,-1
74,887,174.47,86.95,47.94,163.71,1,-1,-1,-1
74,881,464.12,95.88,61.90,183.68,1,-1,-1,-1
74,879,564.48,84.41,76.65,210.37,1,-1,-1,-1
75,895,380.15,95.97,59.29,181.76,1,-1,-1,-1
75,887,174.70,88.15,49.25,161.73,1,-1,-1,-1
75,881,465.73,96.08,62.15,181.82,1,-1,-1,-1
75,879,562.75,84.64,77.24,210.49,1,-1,-1,-1
76,895,376.56,94.79,61.87,178.48,1,-1,-1,-1
76,887,173.23,81.56,51.02,165.06,1,-1,-1,-1
76,881,467.14,101.25,61.44,181.10,1,-1,-1,-1
76,879,561.32,84.24,78.03,210.79,1,-1,-1,-1
77,895,373.52,94.95,63.63,180.14,1,-1,-1,-1
77,887,179.33,83.17,50.36,166.83,1,-1,-1,-1
77,881,468.82,98.09,61.13,179.14,1,-1,-1,-1
77,879,563.38,93.12,76.94,205.58,1,-1,-1,-1
78,895,372.27,98.19,62.97,177.24,1,-1,-1,-1
78,887,178.09,82.95,51.80,165.51,1,-1,-1,-1
78,881,470.05,98.40,66.78,176.63,1,-1,-1,-1
78,879,564.30,97.13,74.99,202.01,1,-1,-1,-1
79,895,370.88,102.26,62.68,175.06,1,-1,-1,-1
79,887,176.53,83.81,51.36,164.54,1,-1,-1,-1
79,881,469.96,101.98,67.12,174.56,1,-1,-1,-1
79,879,560.80,91.66,76.92,200.31,1,-1,-1,-1
80,895,370.31,103.16,59.24,171.25,1,-1,-1,-1
80,887,177.70,87.17,51.63,165.70,1,-1,-1,-1
80,881,477.36,96.59,66.78,174.63,1,-1,-1,-1
80,879,566.98,98.15,72.44,198.02,1,-1,-1,-1
81,897,553.51,97.54,36.89,120.78,1,-1,-1,-1
81,895,369.79,104.39,59.32,169.25,1,-1,-1,-1
81,887,180.00,85.08,51.91,166.18,1,-1,-1,-1
81,881,483.10,95.34,65.72,175.82,1,-1,-1,-1
81,879,569.76,99.42,69.36,195.13,1,-1,-1,-1
82,897,552.55,99.21,32.62,98.48,1,-1,-1,-1
82,895,367.88,104.84,58.61,166.17,1,-1,-1,-1
82,887,177.53,87.22,57.16,167.84,1,-1,-1,-1
82,881,481.04,92.64,67.00,175.31,1,-1,-1,-1
82,879,574.06,96.71,65.60,194.32,1,-1,-1,-1
83,897,550.64,101.82,28.87,85.22,1,-1,-1,-1
83,895,367.82,106.41,60.07,163.26,1,-1,-1,-1
83,887,175.22,88.21,58.58,167.47,1,-1,-1,-1
83,881,486.04,94.67,66.88,175.96,1,-1,-1,-1
83,879,573.81,101.27,62.60,189.55,1,-1,-1,-1
84,897,554.40,103.74,26.06,65.83,1,-1,-1,-1
84,895,360.34,99.58,62.93,160.71,1,-1,-1,-1
84,887,175.94,89.61,59.04,166.66,1,-1,-1,-1
84,881,489.23,102.17,66.07,173.32,1,-1,-1,-1
84,879,585.77,96.63,56.55,193.83,1,-1,-1,-1
85,895,358.58,102.48,59.97,159.53,1,-1,-1,-1
85,887,176.71,88.70,59.20,165.74,1,-1,-1,-1
85,881,492.25,106.29,64.70,170.77,1,-1,-1,-1
86,898,553.34,113.25,50.60,163.29,1,-1,-1,-1
86,895,352.48,104.10,59.10,162.39,1,-1,-1,-1
86,887,178.15,85.38,60.05,165.03,1,-1,-1,-1
86,881,496.72,105.63,65.57,171.99,1,-1,-1,-1
87,900,393.77,110.98,47.81,135.37,1,-1,-1,-1
87,899,613.06,96.58,25.85,95.73,1,-1,-1,-1
87,898,551.29,110.06,50.94,161.80,1,-1,-1,-1
87,895,351.17,101.03,58.39,164.86,1,-1,-1,-1
87,887,180.17,85.51,60.23,164.36,1,-1,-1,-1
87,881,500.27,103.85,67.41,169.41,1,-1,-1,-1
88,900,397.35,107.07,45.74,133.20,1,-1,-1,-1
88,899,613.84,95.18,24.48,89.85,1,-1,-1,-1
88,895,346.70,101.06,60.05,169.28,1,-1,-1,-1
88,887,177.23,87.61,59.48,164.71,1,-1,-1,-1
88,881,510.94,105.98,75.97,163.93,1,-1,-1,-1
89,900,397.07,112.81,44.14,132.76,1,-1,-1,-1
89,895,345.18,100.26,58.81,171.58,1,-1,-1,-1
89,887,179.81,88.30,59.35,164.63,1,-1,-1,-1
89,881,512.75,106.78,79.38,167.80,1,-1,-1,-1
90,900,397.96,113.24,42.50,131.96,1,-1,-1,-1
90,895,344.33,99.08,58.34,170.12,1,-1,-1,-1
90,887,181.27,85.80,60.02,166.84,1,-1,-1,-1
90,881,513.70,106.92,81.23,167.73,1,-1,-1,-1
91,900,397.54,111.95,41.54,131.66,1,-1,-1,-1
91,895,341.21,93.71,56.22,171.02,1,-1,-1,-1
91,887,182.35,83.40,60.58,166.24,1,-1,-1,-1
91,881,516.48,103.77,80.93,169.74,1,-1,-1,-1
92,900,397.18,114.28,41.55,128.58,1,-1,-1,-1
92,895,338.77,97.35,58.00,170.22,1,-1,-1,-1
92,887,179.03,82.30,60.84,164.34,1,-1,-1,-1
92,881,517.92,97.00,80.98,168.59,1,-1,-1,-1
93,900,395.01,107.79,42.17,131.92,1,-1,-1,-1
93,895,335.16,102.46,63.80,165.06,1,-1,-1,-1
93,887,181.86,85.93,60.72,165.47,1,-1,-1,-1
93,881,520.95,96.17,79.39,172.43,1,-1,-1,-1
94,900,393.97,110.07,44.73,129.35,1,-1,-1,-1
94,895,329.72,102.46,69.12,162.58,1,-1,-1,-1
94,887,182.43,82.88,61.15,166.07,1,-1,-1,-1
94,881,523.95,96.34,75.96,175.30,1,-1,-1,-1
95,900,391.83,110.40,43.97,130.87,1,-1,-1,-1
95,895,326.41,107.02,66.66,162.97,1,-1,-1,-1
95,887,185.20,83.17,58.54,165.26,1,-1,-1,-1
95,881,524.44,98.15,79.12,173.59,1,-1,-1,-1
96,900,392.93,110.78,42.15,129.43,1,-1,-1,-1
96,895,324.89,109.27,63.78,159.74,1,-1,-1,-1
96,887,184.18,80.66,59.61,167.52,1,-1,-1,-1
96,881,525.28,97.36,76.54,172.64,1,-1,-1,-1
97,900,396.81,111.26,39.32,127.55,1,-1,-1,-1
97,895,322.33,103.73,69.06,161.22,1,-1,-1,-1
97,887,184.83,82.21,59.15,168.03,1,-1,-1,-1
97,881,523.49,102.42,81.18,166.68,1,-1,-1,-1
98,900,396.65,108.09,40.86,128.97,1,-1,-1,-1
98,895,320.31,100.42,71.15,162.40,1,-1,-1,-1
98,887,185.64,84.44,58.46,166.37,1,-1,-1,-1
98,881,521.22,108.74,87.49,159.46,1,-1,-1,-1
99,900,394.39,111.35,42.02,129.72,1,-1,-1,-1
99,895,318.92,95.43,71.68,164.36,1,-1,-1,-1
99,887,186.41,85.03,57.91,164.58,1,-1,-1,-1
99,881,535.57,109.85,80.84,158.52,1,-1,-1,-1
100,900,392.34,112.41,43.45,130.48,1,-1,-1,-1
100,895,317.73,95.84,67.63,170.62,1,-1,-1,-1
100,887,186.59,86.45,57.63,162.92,1,-1,-1,-1
100,881,540.75,108.37,75.78,161.63,1,-1,-1,-1
101,900,391.29,108.68,43.60,135.22,1,-1,-1,-1
101,895,317.14,92.29,64.10,170.33,1,-1,-1,-1
101,887,187.32,88.57,56.97,162.86,1,-1,-1,-1
101,881,541.76,108.18,76.85,160.40,1,-1,-1,-1
102,905,503.76,134.00,52.04,134.43,1,-1,-1,-1
102,900,391.17,109.31,45.90,133.13,1,-1,-1,-1
102,895,313.15,93.13,64.05,172.00,1,-1,-1,-1
102,887,188.35,91.56,54.99,161.38,1,-1,-1,-1
102,881,544.16,104.75,79.45,162.89,1,-1,-1,-1
103,905,496.63,137.47,51.75,132.97,1,-1,-1,-1
103,900,388.45,105.17,47.63,133.91,1,-1,-1,-1
103,895,312.01,94.45,64.37,171.41,1,-1,-1,-1
103,887,189.18,94.09,53.29,161.51,1,-1,-1,-1
103,881,550.71,104.51,74.26,165.06,1,-1,-1,-1
104,905,493.60,132.67,55.36,131.88,1,-1,-1,-1
104,900,386.79,106.55,51.21,133.85,1,-1,-1,-1
104,895,311.23,89.32,64.48,171.42,1,-1,-1,-1
104,887,188.22,90.47,52.94,161.84,1,-1,-1,-1
104,881,555.87,103.23,69.53,168.95,1,-1,-1,-1
105,905,490.89,123.46,56.63,143.26,1,-1,-1,-1
105,900,385.81,105.88,54.30,135.99,1,-1,-1,-1
105,895,309.87,78.67,62.95,176.96,1,-1,-1,-1
105,887,187.01,89.57,53.68,160.44,1,-1,-1,-1
105,881,567.65,100.85,62.85,171.40,1,-1,-1,-1
106,905,487.22,117.73,65.18,146.14,1,-1,-1,-1
106,900,382.87,108.60,54.53,134.84,1,-1,-1,-1
106,895,312.77,78.45,57.86,176.76,1,-1,-1,-1
106,887,186.33,89.57,53.62,160.41,1,-1,-1,-1
106,881,576.31,99.11,58.98,171.98,1,-1,-1,-1
107,905,480.34,115.04,68.74,149.15,1,-1,-1,-1
107,900,380.71,110.00,54.50,134.67,1,-1,-1,-1
107,895,311.10,82.06,56.11,176.51,1,-1,-1,-1
107,887,186.51,94.85,52.99,161.16,1,-1,-1,-1
107,881,577.47,98.35,57.56,172.89,1,-1,-1,-1
108,905,474.11,115.79,78.93,145.92,1,-1,-1,-1
108,900,379.50,111.29,54.29,134.80,1,-1,-1,-1
108,895,309.98,83.27,54.78,176.56,1,-1,-1,-1
108,887,186.63,95.35,52.67,161.15,1,-1,-1,-1
108,881,581.08,103.94,57.58,169.85,1,-1,-1,-1
109,905,471.69,112.82,79.52,149.45,1,-1,-1,-1
109,900,380.05,110.94,53.89,134.34,1,-1,-1,-1
109,895,308.49,73.20,55.54,186.84,1,-1,-1,-1
109,887,187.72,98.63,51.85,162.48,1,-1,-1,-1
109,881,581.74,102.19,57.35,169.42,1,-1,-1,-1
110,905,466.19,117.33,82.75,147.33,1,-1,-1,-1
110,900,379.59,112.06,54.61,134.35,1,-1,-1,-1
110,895,309.78,64.23,52.96,193.30,1,-1,-1,-1
110,887,187.07,91.70,54.88,167.79,1,-1,-1,-1
110,881,581.50,103.97,57.73,168.79,1,-1,-1,-1
111,907,519.56,121.11,48.81,139.17,1,-1,-1,-1
111,905,459.27,118.72,83.04,147.58,1,-1,-1,-1
111,900,381.92,111.57,56.45,134.07,1,-1,-1,-1
111,895,310.81,67.13,53.31,194.99,1,-1,-1,-1
111,887,185.65,86.58,57.35,174.20,1,-1,-1,-1
111,881,582.47,104.09,57.52,167.46,1,-1,-1,-1
112,907,512.50,115.04,54.31,142.76,1,-1,-1,-1
112,905,453.76,117.42,80.89,147.16,1,-1,-1,-1
112,900,385.41,112.52,54.19,133.44,1,-1,-1,-1
112,895,310.83,67.65,51.34,196.12,1,-1,-1,-1
112,887,185.55,84.62,58.74,174.90,1,-1,-1,-1
112,881,586.74,101.27,55.12,170.74,1,-1,-1,-1
113,907,507.53,106.74,54.15,145.59,1,-1,-1,-1
113,905,453.36,120.18,72.74,145.69,1,-1,-1,-1
113,900,385.66,113.07,54.56,131.45,1,-1,-1,-1
113,895,311.88,68.55,50.22,194.63,1,-1,-1,-1
113,887,185.59,88.07,56.93,169.06,1,-1,-1,-1
113,881,590.74,97.33,52.16,174.19,1,-1,-1,-1
114,907,512.65,104.70,51.05,139.09,1,-1,-1,-1
114,905,452.24,122.20,65.68,141.65,1,-1,-1,-1
114,900,388.24,112.26,54.39,132.01,1,-1,-1,-1
114,895,310.63,75.33,49.45,190.23,1,-1,-1,-1
114,887,186.25,86.88,55.19,167.48,1,-1,-1,-1
114,881,591.09,99.87,50.90,172.92,1,-1,-1,-1
115,907,511.11,107.42,52.21,132.49,1,-1,-1,-1
115,905,450.94,127.83,61.49,140.06,1,-1,-1,-1
115,900,388.10,116.16,52.63,130.28,1,-1,-1,-1
115,895,307.21,80.25,53.26,183.12,1,-1,-1,-1
115,887,186.34,87.32,54.37,167.15,1,-1,-1,-1
115,881,597.08,103.45,46.29,172.43,1,-1,-1,-1
116,907,511.73,108.01,51.84,132.99,1,-1,-1,-1
116,905,450.94,137.43,59.06,136.01,1,-1,-1,-1
116,900,390.84,117.09,51.23,129.24,1,-1,-1,-1
116,895,303.94,82.52,54.72,177.21,1,-1,-1,-1
116,887,186.67,89.98,54.10,164.52,1,-1,-1,-1
116,881,597.89,98.71,43.99,167.11,1,-1,-1,-1
117,907,506.61,111.77,52.16,133.65,1,-1,-1,-1
117,905,447.61,129.98,54.75,137.06,1,-1,-1,-1
117,900,390.84,113.15,51.14,131.87,1,-1,-1,-1
117,895,307.04,84.29,54.99,177.03,1,-1,-1,-1
117,887,186.94,86.84,55.21,162.75,1,-1,-1,-1
117,881,599.18,94.95,42.44,163.38,1,-1,-1,-1
118,907,504.43,113.46,51.66,137.15,1,-1,-1,-1
118,905,447.31,128.11,52.47,138.60,1,-1,-1,-1
118,900,392.10,115.34,49.33,130.52,1,-1,-1,-1
118,895,302.73,85.84,52.40,174.74,1,-1,-1,-1
118,887,186.99,88.84,55.80,162.23,1,-1,-1,-1
118,881,600.99,89.46,40.65,159.45,1,-1,-1,-1
119,907,503.15,111.42,51.48,140.40,1,-1,-1,-1
119,905,441.97,119.16,50.10,142.51,1,-1,-1,-1
119,900,395.36,113.65,52.36,133.09,1,-1,-1,-1
119,895,302.77,85.10,49.57,175.27,1,-1,-1,-1
119,887,187.31,88.19,56.73,163.38,1,-1,-1,-1
119,881,602.15,88.70,39.22,153.02,1,-1,-1,-1
120,907,496.76,109.70,51.34,142.26,1,-1,-1,-1
120,905,439.23,115.65,48.10,145.40,1,-1,-1,-1
120,900,393.98,112.87,53.22,132.93,1,-1,-1,-1
120,895,301.43,81.71,48.83,178.70,1,-1,-1,-1
120,887,189.27,89.90,56.57,162.61,1,-1,-1,-1
120,881,603.81,93.50,37.53,150.99,1,-1,-1,-1
121,907,502.99,111.15,48.92,140.99,1,-1,-1,-1
121,905,440.38,123.77,44.37,141.96,1,-1,-1,-1
121,900,393.31,110.35,53.37,134.43,1,-1,-1,-1
121,895,299.50,82.47,49.01,180.46,1,-1,-1,-1
121,887,189.58,89.39,56.61,161.67,1,-1,-1,-1
121,881,605.44,96.33,35.84,147.72,1,-1,-1,-1
122,907,497.43,109.61,48.92,136.69,1,-1,-1,-1
122,905,438.27,120.93,43.73,142.20,1,-1,-1,-1
122,900,391.91,111.34,52.17,134.50,1,-1,-1,-1
122,895,299.76,79.23,49.69,182.59,1,-1,-1,-1
122,887,193.39,89.65,57.73,165.83,1,-1,-1,-1
123,907,496.06,107.59,48.01,137.54,1,-1,-1,-1
123,905,436.66,120.05,43.16,148.25,1,-1,-1,-1
123,900,392.02,108.17,53.03,137.81,1,-1,-1,-1
123,895,297.18,82.20,51.31,180.80,1,-1,-1,-1
123,887,190.88,92.15,58.75,161.51,1,-1,-1,-1
124,907,496.42,107.29,49.52,134.72,1,-1,-1,-1
124,905,432.44,116.06,44.10,148.84,1,-1,-1,-1
124,900,392.68,107.49,53.66,136.94,1,-1,-1,-1
124,895,294.95,86.39,53.85,177.65,1,-1,-1,-1
124,887,190.62,91.31,58.44,160.44,1,-1,-1,-1
125,907,493.87,111.92,49.44,133.96,1,-1,-1,-1
125,905,427.42,120.18,45.57,146.46,1,-1,-1,-1
125,900,391.53,107.57,53.33,137.19,1,-1,-1,-1
125,895,295.63,86.87,53.92,175.64,1,-1,-1,-1
125,887,191.50,91.86,58.17,159.73,1,-1,-1,-1
126,907,488.77,111.26,51.02,141.14,1,-1,-1,-1
126,900,396.77,117.62,57.11,138.07,1,-1,-1,-1
126,895,294.10,89.43,55.89,176.73,1,-1,-1,-1
126,887,193.11,94.22,58.45,160.72,1,-1,-1,-1
127,907,486.13,113.53,58.40,141.44,1,-1,-1,-1
127,895,292.28,87.27,55.67,177.71,1,-1,-1,-1
127,887,195.60,90.79,58.78,163.80,1,-1,-1,-1
128,907,482.02,108.38,56.75,139.51,1,-1,-1,-1
128,895,291.18,84.18,56.63,176.03,1,-1,-1,-1
128,887,195.38,90.04,58.77,163.75,1,-1,-1,-1
129,907,481.07,112.96,60.55,137.25,1,-1,-1,-1
129,905,402.97,125.69,62.49,141.06,1,-1,-1,-1
129,895,290.04,82.57,59.87,178.07,1,-1,-1,-1
129,887,195.74,87.68,58.55,164.34,1,-1,-1,-1
130,907,476.88,113.73,60.14,138.38,1,-1,-1,-1
130,905,398.04,123.26,65.64,139.42,1,-1,-1,-1
130,895,290.76,82.44,62.07,176.79,1,-1,-1,-1
130,887,193.80,89.92,58.47,164.49,1,-1,-1,-1
131,907,472.59,115.53,62.03,140.86,1,-1,-1,-1
131,905,396.65,125.81,61.98,141.98,1,-1,-1,-1
131,895,288.39,88.13,62.42,172.82,1,-1,-1,-1
131,887,193.11,90.74,57.33,160.24,1,-1,-1,-1
132,907,469.70,118.05,64.37,138.03,1,-1,-1,-1
132,905,398.18,120.89,57.94,143.26,1,-1,-1,-1
132,895,285.89,89.38,63.71,169.17,1,-1,-1,-1
132,887,193.20,90.43,56.48,160.37,1,-1,-1,-1
133,907,469.58,114.68,64.73,139.36,1,-1,-1,-1
133,905,396.91,119.11,56.64,143.97,1,-1,-1,-1
133,895,284.71,92.11,64.34,169.50,1,-1,-1,-1
133,887,193.78,92.52,55.61,159.08,1,-1,-1,-1
134,907,467.34,113.04,64.94,141.29,1,-1,-1,-1
134,905,394.40,116.40,55.56,143.36,1,-1,-1,-1
134,895,285.11,95.18,61.92,170.20,1,-1,-1,-1
134,887,190.70,90.33,55.04,160.78,1,-1,-1,-1
135,907,468.51,112.63,63.53,139.07,1,-1,-1,-1
135,905,394.31,111.10,57.02,146.61,1,-1,-1,-1
135,895,285.20,96.63,63.16,168.02,1,-1,-1,-1
135,887,192.81,93.70,52.94,163.34,1,-1,-1,-1
136,907,464.97,114.37,61.98,142.85,1,-1,-1,-1
136,905,392.36,113.05,58.09,150.04,1,-1,-1,-1
136,895,283.31,95.88,63.06,168.49,1,-1,-1,-1
136,887,195.02,89.70,53.86,163.64,1,-1,-1,-1
137,907,462.87,113.60,60.83,140.28,1,-1,-1,-1
137,905,390.28,112.07,58.90,149.13,1,-1,-1,-1
137,895,280.49,96.67,60.55,164.27,1,-1,-1,-1
137,887,194.79,88.41,53.79,162.82,1,-1,-1,-1
138,907,466.10,112.80,59.36,140.84,1,-1,-1,-1
138,905,390.21,116.88,58.54,148.87,1,-1,-1,-1
138,895,279.89,100.11,61.19,164.17,1,-1,-1,-1
138,887,194.06,88.13,52.87,162.97,1,-1,-1,-1
139,909,2.21,105.42,60.86,142.52,1,-1,-1,-1
139,907,464.02,113.53,60.09,141.20,1,-1,-1,-1
139,905,386.81,119.52,61.27,148.23,1,-1,-1,-1
139,895,277.59,100.44,60.51,163.72,1,-1,-1,-1
139,887,191.99,87.91,55.21,169.67,1,-1,-1,-1
140,909,4.54,90.61,59.75,153.95,1,-1,-1,-1
140,907,460.42,116.83,60.83,141.14,1,-1,-1,-1
140,905,383.68,119.86,61.61,145.18,1,-1,-1,-1
140,895,275.50,97.76,59.54,160.90,1,-1,-1,-1
140,887,187.29,87.49,56.36,171.95,1,-1,-1,-1
141,909,10.03,82.93,61.49,172.55,1,-1,-1,-1
141,907,461.20,119.36,59.92,139.68,1,-1,-1,-1
141,905,381.58,117.97,61.65,144.94,1,-1,-1,-1
141,895,274.58,98.78,57.04,158.71,1,-1,-1,-1
141,887,188.98,85.22,54.40,168.63,1,-1,-1,-1
142,909,10.86,92.20,62.80,181.05,1,-1,-1,-1
142,907,460.87,119.85,59.32,146.05,1,-1,-1,-1
142,905,381.42,118.66,62.12,145.48,1,-1,-1,-1
142,895,272.60,96.70,55.20,160.54,1,-1,-1,-1
142,887,190.17,85.61,52.29,164.94,1,-1,-1,-1
143,909,12.30,97.60,62.05,181.94,1,-1,-1,-1
143,907,459.97,116.67,57.50,145.83,1,-1,-1,-1
143,905,382.49,115.86,65.84,146.14,1,-1,-1,-1
143,895,268.80,92.22,53.70,162.55,1,-1,-1,-1
143,887,187.06,88.30,54.04,162.37,1,-1,-1,-1
144,909,13.89,105.59,60.14,177.87,1,-1,-1,-1
144,907,457.15,115.25,58.91,145.64,1,-1,-1,-1
144,905,380.27,116.07,69.12,147.33,1,-1,-1,-1
144,895,265.76,92.54,54.83,162.19,1,-1,-1,-1
144,887,188.50,90.72,52.64,162.36,1,-1,-1,-1
145,909,19.27,108.26,58.29,174.73,1,-1,-1,-1
145,907,460.47,112.42,58.13,143.36,1,-1,-1,-1
145,905,378.60,118.71,70.49,144.79,1,-1,-1,-1
145,895,268.72,89.60,54.63,165.99,1,-1,-1,-1
145,887,188.54,87.79,51.02,161.97,1,-1,-1,-1
146,909,24.52,109.91,58.95,174.96,1,-1,-1,-1
146,907,461.30,112.10,55.18,141.93,1,-1,-1,-1
146,905,384.87,118.81,71.55,144.93,1,-1,-1,-1
146,895,268.48,88.72,53.84,166.75,1,-1,-1,-1
146,887,190.23,87.10,50.05,163.73,1,-1,-1,-1
147,909,23.96,112.01,62.11,176.74,1,-1,-1,-1
147,907,461.07,110.89,54.43,142.90,1,-1,-1,-1
147,905,393.91,117.19,66.36,145.39,1,-1,-1,-1
147,895,266.40,89.57,54.51,168.31,1,-1,-1,-1
147,887,188.24,85.15,50.41,168.42,1,-1,-1,-1
148,909,24.71,112.77,66.41,178.31,1,-1,-1,-1
148,907,457.88,114.59,53.11,144.22,1,-1,-1,-1
148,905,396.62,112.12,59.40,144.12,1,-1,-1,-1
148,895,264.56,89.73,53.07,165.34,1,-1,-1,-1
148,887,189.10,85.83,48.21,169.76,1,-1,-1,-1
149,911,362.28,141.91,49.02,122.60,1,-1,-1,-1
149,909,27.85,111.35,69.97,182.58,1,-1,-1,-1
149,907,455.22,115.42,53.53,145.24,1,-1,-1,-1
149,905,400.21,112.69,54.96,144.45,1,-1,-1,-1
149,895,263.35,89.56,51.85,162.29,1,-1,-1,-1
149,887,188.75,82.27,46.33,168.97,1,-1,-1,-1
150,911,361.65,130.98,47.57,127.56,1,-1,-1,-1
150,909,30.89,109.22,69.83,186.34,1,-1,-1,-1
150,907,456.06,114.80,54.99,145.33,1,-1,-1,-1
150,905,403.96,114.16,52.77,142.96,1,-1,-1,-1
150,895,263.79,88.15,50.24,160.62,1,-1,-1,-1
150,887,188.50,83.14,44.74,171.28,1,-1,-1,-1
151,911,359.20,124.57,46.53,133.60,1,-1,-1,-1
151,909,35.82,104.92,66.69,186.04,1,-1,-1,-1
151,907,457.05,115.24,55.13,146.55,1,-1,-1,-1
151,905,403.26,117.63,50.98,143.82,1,-1,-1,-1
151,895,264.08,87.88,48.68,158.26,1,-1,-1,-1
151,887,188.18,84.15,43.80,173.25,1,-1,-1,-1
152,911,356.81,117.29,42.02,128.88,1,-1,-1,-1
152,909,41.21,108.17,62.13,184.83,1,-1,-1,-1
152,907,455.31,116.24,54.85,145.53,1,-1,-1,-1
152,905,406.88,119.40,49.52,144.15,1,-1,-1,-1
152,895,263.74,88.98,50.09,157.29,1,-1,-1,-1
152,887,188.98,82.76,43.42,174.51,1,-1,-1,-1
153,911,354.62,118.38,41.03,130.24,1,-1,-1,-1
153,909,45.69,106.55,62.22,184.23,1,-1,-1,-1
153,907,451.89,115.78,53.82,147.65,1,-1,-1,-1
153,905,402.70,116.93,53.47,142.99,1,-1,-1,-1
153,895,262.12,93.34,47.39,160.26,1,-1,-1,-1
153,887,189.80,83.71,42.95,174.54,1,-1,-1,-1
154,911,359.36,117.29,40.47,132.22,1,-1,-1,-1
154,909,52.87,107.84,60.03,184.24,1,-1,-1,-1
154,907,454.38,112.26,55.49,148.48,1,-1,-1,-1
154,905,406.94,115.57,52.30,141.75,1,-1,-1,-1
154,895,262.62,95.49,45.29,160.89,1,-1,-1,-1
154,887,189.75,83.84,42.34,174.87,1,-1,-1,-1
155,911,359.19,113.61,39.82,137.23,1,-1,-1,-1
155,909,58.95,103.48,58.19,185.32,1,-1,-1,-1
155,907,449.10,112.06,54.85,148.00,1,-1,-1,-1
155,905,404.05,115.84,55.68,144.89,1,-1,-1,-1
155,895,261.74,92.11,44.86,162.75,1,-1,-1,-1
155,887,191.69,80.88,44.91,174.59,1,-1,-1,-1
156,911,357.92,116.46,40.66,142.72,1,-1,-1,-1
156,909,65.81,103.19,55.60,184.86,1,-1,-1,-1
156,907,449.42,110.09,52.99,147.42,1,-1,-1,-1
156,905,402.26,116.20,54.70,145.70,1,-1,-1,-1
156,895,259.79,91.60,43.87,159.98,1,-1,-1,-1
156,887,191.22,83.47,44.17,171.66,1,-1,-1,-1
157,911,352.83,118.06,41.84,144.61,1,-1,-1,-1
157,909,68.11,107.46,57.70,181.41,1,-1,-1,-1
157,907,445.96,110.26,51.21,147.44,1,-1,-1,-1
157,905,403.66,115.42,53.00,144.01,1,-1,-1,-1
157,895,262.01,94.45,44.08,162.81,1,-1,-1,-1
157,887,191.13,82.66,43.74,168.92,1,-1,-1,-1
158,911,348.47,116.04,43.83,142.06,1,-1,-1,-1
158,909,75.70,106.78,59.33,184.28,1,-1,-1,-1
158,907,449.01,111.32,48.16,146.79,1,-1,-1,-1
158,905,402.31,118.03,52.03,144.34,1,-1,-1,-1
158,895,262.56,96.11,43.34,162.66,1,-1,-1,-1
158,887,192.73,85.67,43.86,167.95,1,-1,-1,-1
159,911,344.70,114.37,45.35,144.83,1,-1,-1,-1
159,909,78.71,102.87,60.10,183.31,1,-1,-1,-1
159,907,445.60,113.84,49.39,145.89,1,-1,-1,-1
159,905,403.83,116.43,52.28,147.75,1,-1,-1,-1
159,895,261.19,93.21,43.12,163.60,1,-1,-1,-1
159,887,190.89,86.08,44.27,163.81,1,-1,-1,-1
160,911,344.27,119.37,44.81,145.31,1,-1,-1,-1
160,909,81.02,100.56,60.28,173.79,1,-1,-1,-1
160,907,442.39,113.95,52.82,146.31,1,-1,-1,-1
160,905,400.66,118.63,52.20,146.50,1,-1,-1,-1
160,895,261.82,95.73,43.29,162.79,1,-1,-1,-1
160,887,192.53,86.88,44.61,164.32,1,-1,-1,-1
161,911,342.57,118.75,46.36,147.24,1,-1,-1,-1
161,909,86.53,100.74,58.84,171.80,1,-1,-1,-1
161,907,440.55,116.29,53.79,142.78,1,-1,-1,-1
161,905,399.99,117.16,51.08,145.48,1,-1,-1,-1
161,895,261.52,93.09,44.01,164.84,1,-1,-1,-1
161,887,193.73,86.45,44.79,162.35,1,-1,-1,-1
162,911,341.09,119.02,46.94,148.48,1,-1,-1,-1
162,909,88.50,100.38,59.69,172.92,1,-1,-1,-1
162,907,436.47,116.84,61.44,142.74,1,-1,-1,-1
162,905,401.46,116.78,50.37,149.47,1,-1,-1,-1
162,895,261.59,94.89,44.82,162.07,1,-1,-1,-1
162,887,193.77,86.38,45.20,164.26,1,-1,-1,-1
163,911,342.22,115.96,44.75,144.71,1,-1,-1,-1
163,909,96.48,91.24,60.44,180.69,1,-1,-1,-1
163,907,437.02,117.67,59.38,143.27,1,-1,-1,-1
163,905,397.38,115.63,51.26,149.06,1,-1,-1,-1
163,895,262.27,94.54,43.95,161.15,1,-1,-1,-1
163,887,192.92,86.32,46.22,163.24,1,-1,-1,-1
164,911,340.27,118.40,44.00,144.47,1,-1,-1,-1
164,909,97.83,89.69,62.52,182.39,1,-1,-1,-1
164,907,439.44,116.37,56.59,140.35,1,-1,-1,-1
164,905,396.79,118.49,50.17,147.71,1,-1,-1,-1
164,895,262.09,92.32,43.92,164.14,1,-1,-1,-1
164,887,192.66,89.14,48.44,162.07,1,-1,-1,-1
165,911,337.39,114.16,42.63,144.51,1,-1,-1,-1
165,909,106.97,92.91,61.06,183.81,1,-1,-1,-1
165,907,437.91,115.35,55.59,139.89,1,-1,-1,-1
165,905,396.67,113.85,49.46,145.91,1,-1,-1,-1
165,895,263.17,91.34,44.77,161.95,1,-1,-1,-1
165,887,191.13,87.09,48.75,165.16,1,-1,-1,-1
166,911,338.14,113.69,42.28,146.39,1,-1,-1,-1
166,909,105.48,96.78,62.76,181.73,1,-1,-1,-1
166,907,435.53,118.64,55.42,139.82,1,-1,-1,-1
166,905,394.75,114.33,51.35,145.80,1,-1,-1,-1
166,895,261.79,93.00,44.24,159.53,1,-1,-1,-1
166,887,191.15,86.88,49.62,165.36,1,-1,-1,-1
167,911,337.82,114.36,41.60,144.26,1,-1,-1,-1
167,909,107.02,95.00,64.97,183.48,1,-1,-1,-1
167,907,434.83,118.24,54.08,139.85,1,-1,-1,-1
167,905,393.25,115.65,49.02,146.63,1,-1,-1,-1
167,895,260.13,87.18,45.83,161.29,1,-1,-1,-1
167,887,190.38,86.21,49.38,165.92,1,-1,-1,-1
168,911,336.21,113.25,41.58,141.55,1,-1,-1,-1
168,909,108.14,93.39,67.20,187.46,1,-1,-1,-1
168,907,435.00,119.27,52.22,145.42,1,-1,-1,-1
168,905,392.07,116.66,47.12,145.64,1,-1,-1,-1
168,895,260.87,88.56,46.27,159.47,1,-1,-1,-1
168,887,190.19,83.83,49.58,168.11,1,-1,-1,-1
169,911,332.43,116.52,44.93,138.20,1,-1,-1,-1
169,909,114.98,97.24,64.55,187.77,1,-1,-1,-1
169,907,435.27,118.48,53.68,145.72,1,-1,-1,-1
169,905,390.32,116.97,47.17,146.76,1,-1,-1,-1
169,895,261.37,88.46,46.04,158.07,1,-1,-1,-1
169,887,190.60,84.79,48.78,167.03,1,-1,-1,-1
170,911,332.80,116.86,43.76,134.64,1,-1,-1,-1
170,909,117.80,95.91,63.34,185.98,1,-1,-1,-1
170,907,435.07,113.05,54.57,148.49,1,-1,-1,-1
170,905,388.70,114.34,49.51,146.51,1,-1,-1,-1
170,895,261.31,88.56,46.18,158.82,1,-1,-1,-1
170,887,190.39,85.92,48.94,165.00,1,-1,-1,-1
171,911,328.76,120.24,46.17,135.75,1,-1,-1,-1
171,909,123.86,85.60,60.59,191.25,1,-1,-1,-1
171,907,430.48,114.68,56.02,148.01,1,-1,-1,-1
171,905,387.38,114.90,50.84,147.47,1,-1,-1,-1
171,895,259.05,87.78,47.53,165.13,1,-1,-1,-1
171,887,191.49,88.29,49.67,166.36,1,-1,-1,-1
172,911,327.41,119.56,47.22,137.32,1,-1,-1,-1
172,909,127.40,85.51,58.20,192.68,1,-1,-1,-1
172,907,425.87,113.45,55.61,152.06,1,-1,-1,-1
172,905,383.20,113.38,50.85,146.73,1,-1,-1,-1
172,895,259.81,88.24,47.75,162.08,1,-1,-1,-1
172,887,192.69,85.01,49.12,170.36,1,-1,-1,-1
173,911,326.45,119.25,47.56,136.39,1,-1,-1,-1
173,909,128.78,78.59,58.20,195.68,1,-1,-1,-1
173,907,423.95,110.49,58.91,150.81,1,-1,-1,-1
173,905,382.77,113.41,50.42,144.36,1,-1,-1,-1
173,895,258.21,87.47,49.90,162.40,1,-1,-1,-1
173,887,189.02,89.96,49.52,166.30,1,-1,-1,-1
174,911,325.56,117.05,44.65,135.48,1,-1,-1,-1
174,909,123.97,71.91,60.21,202.74,1,-1,-1,-1
174,907,422.55,113.02,57.70,153.64,1,-1,-1,-1
174,905,379.45,114.48,50.74,147.37,1,-1,-1,-1
174,895,256.44,87.33,51.61,164.47,1,-1,-1,-1
174,887,187.41,90.21,50.03,167.97,1,-1,-1,-1
175,911,325.82,121.21,44.31,133.43,1,-1,-1,-1
175,909,132.08,77.17,57.97,197.93,1,-1,-1,-1
175,907,425.64,112.51,56.44,154.34,1,-1,-1,-1
175,905,375.07,117.86,50.68,144.67,1,-1,-1,-1
175,895,256.66,86.10,51.54,165.73,1,-1,-1,-1
175,887,189.64,93.73,49.04,164.73,1,-1,-1,-1
176,911,325.55,118.71,44.88,132.44,1,-1,-1,-1
176,909,140.43,83.20,58.21,196.17,1,-1,-1,-1
176,907,425.16,112.80,55.22,155.46,1,-1,-1,-1
176,905,374.55,115.47,50.88,143.16,1,-1,-1,-1
176,895,256.43,85.36,51.79,166.29,1,-1,-1,-1
176,887,192.07,92.49,45.99,162.85,1,-1,-1,-1
177,911,325.13,116.00,45.07,135.17,1,-1,-1,-1
177,909,144.45,80.48,59.79,197.07,1,-1,-1,-1
177,907,420.39,111.06,60.12,156.64,1,-1,-1,-1
177,905,376.44,116.54,50.58,142.24,1,-1,-1,-1
177,895,255.76,82.04,52.55,170.44,1,-1,-1,-1
177,887,194.96,89.65,43.92,161.36,1,-1,-1,-1
178,911,324.47,113.01,44.75,138.34,1,-1,-1,-1
178,909,144.92,87.87,65.08,195.87,1,-1,-1,-1
178,907,420.54,109.46,57.57,157.30,1,-1,-1,-1
178,905,370.43,116.32,55.75,142.76,1,-1,-1,-1
178,895,257.36,84.26,48.75,171.60,1,-1,-1,-1
178,887,195.08,90.73,43.23,157.92,1,-1,-1,-1
179,911,323.26,113.28,45.04,138.45,1,-1,-1,-1
179,909,150.74,88.12,71.53,191.77,1,-1,-1,-1
179,907,420.27,110.79,57.00,156.61,1,-1,-1,-1
179,905,370.03,114.55,55.28,146.17,1,-1,-1,-1
179,895,257.24,82.18,48.66,173.34,1,-1,-1,-1
179,887,198.03,87.55,39.60,159.27,1,-1,-1,-1
