1,1,291.557,192.468,39.494,119.227,1,-1,-1,-1
1,2,53.8152,193.418,48.4288,130.772,1,-1,-1,-1
1,3,586.982,194.324,41.534,131.626,1,-1,-1,-1
1,4,250.649,183.272,50.576,118.073,1,-1,-1,-1
1,5,177.834,203.176,33.196,99.34,1,-1,-1,-1
2,1,293.28,194.63,41.1807,116.472,1,-1,-1,-1
2,2,48.9405,195.591,49.9667,134.203,1,-1,-1,-1
2,3,598.807,188.357,39.6231,126.931,1,-1,-1,-1
2,4,258.13,191.867,48.7035,121.03,1,-1,-1,-1
2,5,178.385,202.781,33.2099,102.278,1,-1,-1,-1
2,6,214.406,220.215,24.665,66.867,1,-1,-1,-1
3,1,293.219,189.869,42.5636,124.747,1,-1,-1,-1
3,2,43.8269,198.642,53.8911,140.933,1,-1,-1,-1
3,3,602.511,191.439,37.4617,130.281,1,-1,-1,-1
3,4,258.628,186.286,47.197,126.973,1,-1,-1,-1
3,5,172.428,196.446,36.1769,110.104,1,-1,-1,-1
3,6,221.24,218.441,24.4311,59.7094,1,-1,-1,-1
4,1,296.163,190.178,41.9973,120.476,1,-1,-1,-1
4,2,33.3213,194.819,57.0588,143.655,1,-1,-1,-1
4,4,260.263,186.674,44.5164,118.628,1,-1,-1,-1
4,5,166.468,194.243,40.9097,118.444,1,-1,-1,-1
5,1,297.642,192.326,42.6143,117.79,1,-1,-1,-1
5,2,29.5577,189.065,59.2811,150.019,1,-1,-1,-1
5,4,254.27,188.913,46.735,112.995,1,-1,-1,-1
5,5,163.616,194.661,40.0919,116.499,1,-1,-1,-1
5,6,214.051,216.38,29.1324,69.9532,1,-1,-1,-1
6,1,301.724,193.914,38.8736,109.993,1,-1,-1,-1
6,2,22.565,186.227,60.4437,154.329,1,-1,-1,-1
6,4,254.388,189.808,47.7577,114.736,1,-1,-1,-1
6,5,161.512,192.251,40.2785,119.229,1,-1,-1,-1
6,6,213.349,215.724,29.7455,71.0834,1,-1,-1,-1
7,1,304.597,196.972,40.0321,112.52,1,-1,-1,-1
7,2,15.3048,184.179,60.7245,154.858,1,-1,-1,-1
7,4,258.785,191.958,47.2984,113.45,1,-1,-1,-1
7,5,161.313,193.603,39.0806,120.36,1,-1,-1,-1
7,6,213.213,215.385,29.5086,67.1577,1,-1,-1,-1
8,1,309.655,201.76,39.0021,107.727,1,-1,-1,-1
8,2,6.07394,173.066,63.2598,167.645,1,-1,-1,-1
8,4,259.921,192.257,50.0121,117.497,1,-1,-1,-1
8,5,158.342,195.255,38.7172,116.655,1,-1,-1,-1
8,6,211.661,219.03,27.6974,64.8444,1,-1,-1,-1
9,1,310.614,199.846,39.3348,109.606,1,-1,-1,-1
9,2,0,167.36,67.9586,184.019,1,-1,-1,-1
9,4,262.812,194.108,50.328,117.935,1,-1,-1,-1
9,5,155.265,196.578,40.026,120.787,1,-1,-1,-1
9,6,210.139,220.881,26.5882,64.8204,1,-1,-1,-1
10,1,309.829,196.732,41.5298,119.746,1,-1,-1,-1
10,2,0,175.741,60.6175,180.33,1,-1,-1,-1
10,4,265.075,191.297,51.2721,117.557,1,-1,-1,-1
10,5,151.265,194.409,42.8301,127.003,1,-1,-1,-1
10,6,209.841,219.44,25.4071,64.721,1,-1,-1,-1
11,1,309.14,196.441,41.7304,118.365,1,-1,-1,-1
11,2,3.46992,195.246,49.8801,141.06,1,-1,-1,-1
11,4,264.859,186.579,46.195,108.71,1,-1,-1,-1
11,5,149.874,193.034,44.2078,128.606,1,-1,-1,-1
11,6,209.741,217.98,25.6579,68.9507,1,-1,-1,-1
12,1,310.225,198.03,40.7503,115.611,1,-1,-1,-1
12,2,1.36045,191.659,46.5013,132.566,1,-1,-1,-1
12,4,265.642,188.376,46.9571,111.838,1,-1,-1,-1
12,5,141.849,191.511,46.4243,132.478,1,-1,-1,-1
12,6,207.063,219.473,26.7674,71.3167,1,-1,-1,-1
13,1,312.198,197.014,41.6465,118.706,1,-1,-1,-1
13,4,267.545,188.487,47.1234,118.115,1,-1,-1,-1
13,5,135.859,184.414,50.7396,145.271,1,-1,-1,-1
13,6,205.296,221.871,26.1925,68.891,1,-1,-1,-1
14,1,314.797,195.94,41.2232,115.883,1,-1,-1,-1
14,4,269.391,187.844,46.2801,123.322,1,-1,-1,-1
14,5,127.822,181.924,56.1127,147.074,1,-1,-1,-1
14,6,205.892,219.449,25.7928,67.5939,1,-1,-1,-1
14,8,234.241,217.028,28.5028,75.2758,1,-1,-1,-1
15,1,315.688,193.18,41.3478,116.134,1,-1,-1,-1
15,4,272.329,185.125,44.8092,126.438,1,-1,-1,-1
15,5,119.972,183.125,57.2795,149.502,1,-1,-1,-1
15,6,203.797,215.92,25.5429,67.9655,1,-1,-1,-1
15,8,233.976,210.561,31.083,81.3604,1,-1,-1,-1
16,1,316.825,194.151,40.2573,119.871,1,-1,-1,-1
16,4,275.846,187.94,42.7102,121.479,1,-1,-1,-1
16,5,114.619,187.626,52.9426,146.71,1,-1,-1,-1
16,6,201.695,212.888,26.024,71.573,1,-1,-1,-1
16,8,234.091,214.33,31.7801,83.3553,1,-1,-1,-1
17,1,316.84,192.943,41.2239,126.062,1,-1,-1,-1
17,4,275.807,189.636,42.1502,124.672,1,-1,-1,-1
17,5,108.88,185.173,53.3307,148.891,1,-1,-1,-1
17,6,198.345,211.165,26.2285,73.6126,1,-1,-1,-1
17,8,232.775,211.834,33.8391,88.2704,1,-1,-1,-1
18,1,317.244,192.286,40.1641,124.389,1,-1,-1,-1
18,4,273.487,189.516,43.1983,125.837,1,-1,-1,-1
18,5,106.316,174.806,49.001,126.347,1,-1,-1,-1
18,6,195.054,210.832,26.5011,74.8752,1,-1,-1,-1
18,8,230.464,211.766,34.7365,89.6435,1,-1,-1,-1
19,1,317.746,190.923,38.3158,121.326,1,-1,-1,-1
19,4,272.448,191.75,42.8056,126.049,1,-1,-1,-1
19,6,192.79,212.329,25.7762,73.3086,1,-1,-1,-1
19,8,227.941,211.725,34.2444,87.2007,1,-1,-1,-1
19,9,368.152,219.305,28.5636,60.2086,1,-1,-1,-1
20,1,318.89,188.561,40.1573,127.816,1,-1,-1,-1
20,4,272.766,187.967,44.1666,126.79,1,-1,-1,-1
20,6,189.138,213.807,27.0794,78.3837,1,-1,-1,-1
20,8,224.151,212.346,35.7345,87.8721,1,-1,-1,-1
20,9,370.372,222.728,28.3896,59.0825,1,-1,-1,-1
21,1,318.51,188.453,40.7465,129.099,1,-1,-1,-1
21,4,273.624,184.735,44.3507,129.359,1,-1,-1,-1
21,6,186.929,215.569,25.2518,76.1138,1,-1,-1,-1
21,8,220.355,214.742,36.5228,87.5148,1,-1,-1,-1
21,9,372.503,221.893,27.7348,58.8701,1,-1,-1,-1
21,11,84.4812,167.652,56.4405,174.328,1,-1,-1,-1
22,1,319.449,186.955,40.4271,124.545,1,-1,-1,-1
22,4,273.8,184.158,43.2657,130.509,1,-1,-1,-1
22,6,186.188,216.737,24.3655,75.2907,1,-1,-1,-1
22,8,219.041,214.829,34.8844,82.9388,1,-1,-1,-1
22,9,373.976,221.298,26.595,58.8676,1,-1,-1,-1
22,11,78.5312,157.873,57.3838,181.946,1,-1,-1,-1
23,1,319.935,183.774,41.655,126.32,1,-1,-1,-1
23,4,274.648,185.556,42.5535,133.165,1,-1,-1,-1
23,6,182.238,211.492,26.855,83.1815,1,-1,-1,-1
23,8,217.132,219.215,33.7329,80.3278,1,-1,-1,-1
23,11,62.3816,146.467,70.7964,207.646,1,-1,-1,-1
24,1,321.349,185.998,40.166,123.326,1,-1,-1,-1
24,4,271.088,182.343,44.6101,135.693,1,-1,-1,-1
24,6,178.086,205.264,28.8612,88.8473,1,-1,-1,-1
24,8,219.016,214.028,35.0419,85.2511,1,-1,-1,-1
24,11,50.7248,146.751,73.4112,209.986,1,-1,-1,-1
25,1,323.132,184.013,40.0417,125.901,1,-1,-1,-1
25,4,273.533,185.648,44.6621,129.981,1,-1,-1,-1
25,6,171.634,198.682,29.9298,94.3085,1,-1,-1,-1
25,8,214.403,213.997,38.6872,85.6475,1,-1,-1,-1
25,11,34.5572,138.112,86.9155,233.079,1,-1,-1,-1
26,1,320.75,184.443,38.8198,122.816,1,-1,-1,-1
26,4,275.295,189.328,45.4309,122.065,1,-1,-1,-1
26,6,166.297,196.242,31.8788,100.787,1,-1,-1,-1
26,8,212.349,213.461,38.6711,88.37,1,-1,-1,-1
26,9,373.653,214.578,26.8762,64.0889,1,-1,-1,-1
26,11,21.0256,131.131,95.4375,245.432,1,-1,-1,-1
27,1,320.035,179.254,41.8643,131.482,1,-1,-1,-1
27,4,275.079,188.367,47.1983,122.429,1,-1,-1,-1
27,6,161.73,196.556,31.7179,103.294,1,-1,-1,-1
27,8,207.514,209.684,39.6671,88.2619,1,-1,-1,-1
27,11,7.44739,127.626,99.7976,258.176,1,-1,-1,-1
28,1,320.211,180.322,41.2,131.079,1,-1,-1,-1
28,4,272.668,188.454,45.003,117.996,1,-1,-1,-1
28,6,157.855,200.443,31.2208,101.706,1,-1,-1,-1
28,11,0,124.895,97.1302,263.113,1,-1,-1,-1
29,1,320.381,179.226,41.2328,132.669,1,-1,-1,-1
29,4,270.141,187.091,45.1719,116.273,1,-1,-1,-1
29,6,151.48,197.354,34.1103,107.95,1,-1,-1,-1
29,11,0,125.892,94.6257,274.004,1,-1,-1,-1
30,1,321.02,176.573,40.867,133.327,1,-1,-1,-1
30,4,268.37,186.512,46.5457,119.311,1,-1,-1,-1
30,6,150.169,198.198,33.2903,105.569,1,-1,-1,-1
30,9,367.396,211.622,30.6473,70.8406,1,-1,-1,-1
30,11,0,119.332,89.3955,276.689,1,-1,-1,-1
31,1,321.535,175.879,42.0742,130.825,1,-1,-1,-1
31,4,272.043,184.424,49.2689,122.059,1,-1,-1,-1
31,6,144.546,199.335,33.8108,108.18,1,-1,-1,-1
31,8,196.084,212.069,44.163,91.9537,1,-1,-1,-1
31,9,366.721,209.625,30.9367,74.8551,1,-1,-1,-1
31,11,0,126.38,80.9439,252.1,1,-1,-1,-1
32,1,321.704,172.477,42.62,137.99,1,-1,-1,-1
32,4,270.67,186.657,50.6689,123.849,1,-1,-1,-1
32,6,142.282,197.003,33.9093,109.472,1,-1,-1,-1
32,9,366.577,211.916,30.2233,75.4384,1,-1,-1,-1
32,11,0,135.431,63.0076,222.102,1,-1,-1,-1
32,14,92.9153,213.238,24.9329,62.0364,1,-1,-1,-1
33,1,321.172,168.943,43.6492,143.982,1,-1,-1,-1
33,4,273.911,189.556,50.0049,119.216,1,-1,-1,-1
33,6,138.449,194.668,35.0302,115.565,1,-1,-1,-1
33,9,367.092,214.182,29.3466,74.1383,1,-1,-1,-1
33,11,0,148.507,43.2626,168.536,1,-1,-1,-1
33,14,87.2568,213.848,25.3947,62.6304,1,-1,-1,-1
34,1,322.533,181.04,40.2443,133.746,1,-1,-1,-1
34,4,275.322,190.95,49.0456,116.29,1,-1,-1,-1
34,6,133.64,196.256,37.1665,116.895,1,-1,-1,-1
34,9,367.505,217.119,29.6681,74.2915,1,-1,-1,-1
34,14,82.4456,211.477,27.716,66.1135,1,-1,-1,-1
35,1,322.736,183.245,39.1441,130.355,1,-1,-1,-1
35,4,274.446,194.377,47.9946,114.347,1,-1,-1,-1
35,6,128.474,202.108,36.9693,116.673,1,-1,-1,-1
35,9,367.721,217.655,30.8919,75.5435,1,-1,-1,-1
35,14,76.7608,207.732,31.3166,67.4384,1,-1,-1,-1
36,1,319.06,188.427,37.2613,125.738,1,-1,-1,-1
36,4,267.135,194.942,51.1767,123.527,1,-1,-1,-1
36,6,121.201,199.066,39.5045,126.05,1,-1,-1,-1
36,9,367.4,222.565,30.4687,72.1472,1,-1,-1,-1
36,14,69.5495,207.556,32.3246,70.49,1,-1,-1,-1
37,1,316.349,189.456,40.5119,130.118,1,-1,-1,-1
37,4,264.47,194.52,52.2215,119.995,1,-1,-1,-1
37,6,112.861,194.271,41.2741,130.149,1,-1,-1,-1
37,9,365.189,218.549,32.4707,77.4164,1,-1,-1,-1
37,14,61.6263,207.433,33.9861,71.3305,1,-1,-1,-1
38,1,314.036,185.518,40.2913,130.826,1,-1,-1,-1
38,4,263.532,185.88,52.6334,125.239,1,-1,-1,-1
38,6,108.16,190.327,40.6886,131.437,1,-1,-1,-1
38,9,363.848,222.235,31.4819,71.1126,1,-1,-1,-1
38,14,56.0556,209.375,32.5471,69.3662,1,-1,-1,-1
39,1,314.811,184.565,37.9502,124.445,1,-1,-1,-1
39,4,262.538,180.678,54.1267,132.49,1,-1,-1,-1
39,6,104.09,188.727,39.6217,131.001,1,-1,-1,-1
39,9,366.407,218.435,30.9865,65.8629,1,-1,-1,-1
39,14,54.9352,206.684,31.0407,68.813,1,-1,-1,-1
40,1,312.626,185.095,43.2729,126.212,1,-1,-1,-1
40,4,264.107,182.756,52.3256,128.239,1,-1,-1,-1
40,6,98.4841,183.456,39.5515,135.523,1,-1,-1,-1
40,9,367.509,213.838,31.4142,67.5995,1,-1,-1,-1
40,14,50.373,201.831,33.6651,70.89,1,-1,-1,-1
41,1,317.969,192.517,41.3071,118.522,1,-1,-1,-1
41,4,262.614,185.815,50.94,127.445,1,-1,-1,-1
41,6,96.4224,177.756,43.3435,143.085,1,-1,-1,-1
41,9,368.136,216.23,30.7185,67.3974,1,-1,-1,-1
41,14,49.775,204.82,30.3761,65.5008,1,-1,-1,-1
41,16,141.465,183.411,72.0515,162.752,1,-1,-1,-1
42,1,317.341,193.076,41.8676,122.335,1,-1,-1,-1
42,4,266.246,187.554,47.12,125.736,1,-1,-1,-1
42,6,93.494,176.663,43.4341,143.116,1,-1,-1,-1
42,9,370.141,214.789,30.0009,67.7287,1,-1,-1,-1
42,14,44.566,200.954,33.196,72.9756,1,-1,-1,-1
43,1,316.753,192.39,40.5202,121.242,1,-1,-1,-1
43,4,269.287,188.696,46.2041,126.122,1,-1,-1,-1
43,6,86.2122,182.873,43.5129,146.822,1,-1,-1,-1
43,9,371.417,215.91,28.0654,65.9043,1,-1,-1,-1
43,14,39.4314,197.207,36.4324,82.1256,1,-1,-1,-1
44,1,316.161,195.725,39.4592,116.288,1,-1,-1,-1
44,4,266.774,185.499,48.1284,130.779,1,-1,-1,-1
44,6,81.3658,175.536,47.0033,156.21,1,-1,-1,-1
44,14,34.6358,192.929,40.8225,95.5406,1,-1,-1,-1
45,1,315.334,189.067,38.0214,118.554,1,-1,-1,-1
45,4,266.53,183.233,49.3828,132.459,1,-1,-1,-1
45,6,75.9105,171.697,46.6553,151.377,1,-1,-1,-1
45,14,28.2722,190.762,41.7833,93.5537,1,-1,-1,-1
46,1,315.431,185.335,38.3602,122.469,1,-1,-1,-1
46,4,269.943,186.67,45.5122,131.498,1,-1,-1,-1
46,6,66.4773,162.938,46.6983,135.602,1,-1,-1,-1
46,14,23.7886,195.803,39.1449,86.0557,1,-1,-1,-1
47,1,316.713,181.545,38.5232,126.091,1,-1,-1,-1
47,4,268.034,181.01,47.9164,136.839,1,-1,-1,-1
47,6,56.7575,161.557,45.5129,132.067,1,-1,-1,-1
47,14,21.9781,198.082,34.2757,80.4691,1,-1,-1,-1
47,19,137.294,154.191,54.1229,128.455,1,-1,-1,-1
48,1,321.782,185.593,35.3945,121.431,1,-1,-1,-1
48,4,267.013,180.421,49.6084,138.638,1,-1,-1,-1
48,6,42.7629,160.373,52.126,145.205,1,-1,-1,-1
48,19,134.337,151.823,54.9915,135.26,1,-1,-1,-1
49,1,320.001,191.809,35.2203,121.113,1,-1,-1,-1
49,4,270.781,184.636,48.0514,136.958,1,-1,-1,-1
49,6,31.7931,163.12,54.2432,148.955,1,-1,-1,-1
49,19,132.699,149.412,54.1119,135.902,1,-1,-1,-1
49,20,374.298,207.877,35.5232,71.6338,1,-1,-1,-1
50,1,315.448,196.529,36.9382,124.973,1,-1,-1,-1
50,4,269.329,183.099,50.3801,137.827,1,-1,-1,-1
50,6,14.1313,145.087,74.6431,203.89,1,-1,-1,-1
50,19,127.161,143.484,61.146,148.91,1,-1,-1,-1
50,20,375.788,206.366,36.6764,73.9606,1,-1,-1,-1
51,1,318.565,201.771,35.0418,117.26,1,-1,-1,-1
51,4,267.864,186.939,51.3344,134.599,1,-1,-1,-1
51,6,5.71418,144.884,77.172,179.899,1,-1,-1,-1
51,19,117.7,138.754,63.0993,146.477,1,-1,-1,-1
51,20,377.624,211.796,35.6841,71.9869,1,-1,-1,-1
52,1,316.217,196.479,34.7383,117.792,1,-1,-1,-1
52,4,266.41,185.85,52.5666,137.109,1,-1,-1,-1
52,6,0,139.667,67.2056,151.344,1,-1,-1,-1
52,19,94.4359,127.241,85.4548,188.919,1,-1,-1,-1
52,20,383.36,220.365,30.777,65.7006,1,-1,-1,-1
53,1,315.16,195.204,37.4689,120.908,1,-1,-1,-1
53,4,267.164,187.464,47.9697,130.375,1,-1,-1,-1
53,6,0,139.908,60.7692,138.481,1,-1,-1,-1
53,19,80.1241,122.256,97.1457,210.411,1,-1,-1,-1
53,20,383.831,219.343,31.5502,70.019,1,-1,-1,-1
53,21,0,159.686,109.219,247.902,1,-1,-1,-1
54,1,314.58,194.7,37.7607,120.479,1,-1,-1,-1
54,4,268.331,188.632,44.374,124.037,1,-1,-1,-1
54,6,0,134.701,48.831,113.179,1,-1,-1,-1
54,19,72.3259,114.695,97.1284,210.064,1,-1,-1,-1
54,20,383.842,214.361,33.7204,75.5933,1,-1,-1,-1
55,1,318.615,195.748,37.2009,117.886,1,-1,-1,-1
55,4,270.69,189.381,41.9283,117.09,1,-1,-1,-1
55,19,59.1458,108.885,99.5446,206.246,1,-1,-1,-1
56,1,321.454,194.208,37.6789,114.457,1,-1,-1,-1
56,4,272.485,190.76,41.5795,118.725,1,-1,-1,-1
56,19,42.1141,95.306,113.458,241.459,1,-1,-1,-1
57,1,319.999,197.024,36.5896,114.132,1,-1,-1,-1
57,4,274.218,189.496,43.4564,122.652,1,-1,-1,-1
57,19,20.5376,78.1257,128.856,290.666,1,-1,-1,-1
58,1,318.822,198.331,35.9544,111.484,1,-1,-1,-1
58,4,275.48,185.973,45.8332,130.121,1,-1,-1,-1
58,19,11.7999,74.6015,129.673,282.822,1,-1,-1,-1
58,20,389.469,209.434,35.4879,80.2257,1,-1,-1,-1
59,1,317.443,199.649,35.7577,109.371,1,-1,-1,-1
59,4,276.468,183.98,47.8257,132.415,1,-1,-1,-1
59,19,3.91327,71.5218,126.509,279.832,1,-1,-1,-1
59,20,390.87,207.387,36.9617,82.3595,1,-1,-1,-1
60,1,317.915,201.124,35.8593,111.935,1,-1,-1,-1
60,4,276.933,186.804,48.1935,128.707,1,-1,-1,-1
60,19,0,58.6689,122.137,287.329,1,-1,-1,-1
60,20,390.289,211.077,34.4798,78.619,1,-1,-1,-1
61,1,319.049,195.113,37.0721,116.285,1,-1,-1,-1
61,4,278.359,186.613,50.6703,133.111,1,-1,-1,-1
61,19,0,53.1175,116.194,321.553,1,-1,-1,-1
61,20,391.076,210.951,33.8888,78.709,1,-1,-1,-1
61,26,134.499,229.819,25.3461,46.3993,1,-1,-1,-1
62,1,320.363,193.258,37.7884,120.037,1,-1,-1,-1
62,4,283.815,188.608,47.6696,127.237,1,-1,-1,-1
62,19,0,60.1368,111.335,346.759,1,-1,-1,-1
62,20,392.006,211.241,33.4026,79.054,1,-1,-1,-1
62,26,128.681,225.428,25.799,50.0251,1,-1,-1,-1
62,27,243.482,210.603,22.4998,66.5492,1,-1,-1,-1
63,1,320.533,189.684,39.6624,121.996,1,-1,-1,-1
63,4,283.099,186.005,49.3284,127.256,1,-1,-1,-1
63,19,0,80.686,88.971,314.423,1,-1,-1,-1
63,20,394.064,209.736,32.9386,80.9215,1,-1,-1,-1
63,26,129.887,221.486,26.9585,52.4178,1,-1,-1,-1
63,27,247.851,206.141,23.2749,70.2608,1,-1,-1,-1
64,1,321.974,189.291,39.2912,118.445,1,-1,-1,-1
64,4,281.361,183.455,48.93,128.75,1,-1,-1,-1
64,20,395.985,208.01,33.7607,81.1094,1,-1,-1,-1
64,26,127.506,220.499,26.3806,52.9126,1,-1,-1,-1
64,27,243.832,206.911,23.2795,69.8318,1,-1,-1,-1
65,1,323.315,194.714,39.0912,119.249,1,-1,-1,-1
65,4,279.29,182.708,50.8486,132.119,1,-1,-1,-1
65,20,396.461,206.878,34.8126,82.4598,1,-1,-1,-1
65,26,127.247,219.626,25.8929,53.403,1,-1,-1,-1
65,27,245.078,202.858,23.8989,73.2785,1,-1,-1,-1
66,1,325.504,193.97,39.7661,119.212,1,-1,-1,-1
66,4,278.634,184.481,51.3903,133.484,1,-1,-1,-1
66,26,128.54,216.836,27.1665,54.7672,1,-1,-1,-1
66,27,245.787,206.1,23.9116,70.8119,1,-1,-1,-1
67,1,327.38,191.432,39.5072,122.012,1,-1,-1,-1
67,4,278.945,185.009,51.3373,134.593,1,-1,-1,-1
67,26,128.877,214.968,28.2183,56.1025,1,-1,-1,-1
68,1,326.87,190.182,37.7419,121.316,1,-1,-1,-1
68,4,279.11,186.595,50.2305,132.365,1,-1,-1,-1
68,26,130.643,214.719,26.5297,52.3447,1,-1,-1,-1
69,1,332.162,190.45,35.7801,121.279,1,-1,-1,-1
69,4,278.981,188.063,50.1391,131.986,1,-1,-1,-1
69,26,132.4,217.085,26.1634,49.0876,1,-1,-1,-1
70,1,335.776,189.726,35.8637,123.686,1,-1,-1,-1
70,4,279.314,189.662,49.1767,126.458,1,-1,-1,-1
70,26,130.989,219.311,24.8151,49.263,1,-1,-1,-1
71,1,332.915,186.749,39.039,134.27,1,-1,-1,-1
71,4,284.926,193.239,46.4938,119.139,1,-1,-1,-1
71,26,130.554,222.735,24.0974,47.2109,1,-1,-1,-1
72,1,333.566,185.212,39.7168,136.874,1,-1,-1,-1
72,4,287.66,192.734,46.7705,115.856,1,-1,-1,-1
72,26,127.42,224.207,24.1871,47.1236,1,-1,-1,-1
73,1,331.267,185.809,38.7232,134.991,1,-1,-1,-1
73,4,287.199,190.782,51.2812,124.836,1,-1,-1,-1
73,26,129.863,223.808,24.5343,44.1991,1,-1,-1,-1
74,1,334.668,190.301,39.1395,129.448,1,-1,-1,-1
74,4,286.421,188.688,54.2115,130.526,1,-1,-1,-1
74,26,128.385,224.84,24.3738,41.2664,1,-1,-1,-1
75,1,337.893,197.884,37.5902,124.085,1,-1,-1,-1
75,4,288.352,191.727,51.0416,128.52,1,-1,-1,-1
75,26,129.312,223.871,26.8929,43.1242,1,-1,-1,-1
75,32,402.642,207.951,37.7219,85.5987,1,-1,-1,-1
76,1,340.667,198.036,36.3437,123.927,1,-1,-1,-1
76,4,288.743,192.083,51.2223,126.818,1,-1,-1,-1
76,26,129.675,225.09,28.2042,43.6652,1,-1,-1,-1
76,31,236.712,222.501,21.9,62.1616,1,-1,-1,-1
76,32,406.274,202.815,39.2412,89.0027,1,-1,-1,-1
76,35,578.456,190.269,54.7887,150.37,1,-1,-1,-1
77,1,343.229,196.913,35.6276,129.942,1,-1,-1,-1
77,4,291.455,192.194,51.8253,132.885,1,-1,-1,-1
77,26,129.596,224.741,29.0219,44.5385,1,-1,-1,-1
77,31,234.403,226.834,21.4368,60.5076,1,-1,-1,-1
77,32,407.356,203.154,39.047,88.627,1,-1,-1,-1
77,35,582.914,182.895,54.7348,153.379,1,-1,-1,-1
77,36,196.463,221.776,26.2193,57.5817,1,-1,-1,-1
78,1,345.075,191.145,36.5026,135.599,1,-1,-1,-1
78,4,294.267,190.595,52.997,133.003,1,-1,-1,-1
78,26,129.373,225.712,25.8229,42.9158,1,-1,-1,-1
78,31,232.512,226.432,21.4336,59.5593,1,-1,-1,-1
78,32,408.479,202.934,40.924,89.087,1,-1,-1,-1
78,35,591.374,191.902,45.7166,135.697,1,-1,-1,-1
78,36,192.569,221.445,24.1659,54.9933,1,-1,-1,-1
79,1,346.68,184.728,38.4959,137.8,1,-1,-1,-1
79,4,295.959,187.207,53.4023,134.158,1,-1,-1,-1
79,26,128.543,221.656,25.9195,45.1674,1,-1,-1,-1
79,31,234.601,224.002,22.3531,61.3031,1,-1,-1,-1
79,32,409.716,202.405,42.6844,90.5135,1,-1,-1,-1
79,35,597.868,192.99,42.3182,133.296,1,-1,-1,-1
79,36,190.821,223.131,22.3059,51.8994,1,-1,-1,-1
80,1,348.776,182.522,40.9592,139.295,1,-1,-1,-1
80,4,297.687,187.76,54.3542,134.737,1,-1,-1,-1
80,26,129.289,222.296,24.6507,44.4026,1,-1,-1,-1
80,31,236.01,225.82,22.4086,60.3568,1,-1,-1,-1
80,32,409.593,202.646,46.7927,94.9951,1,-1,-1,-1
80,36,189.434,219.833,24.8212,56.3074,1,-1,-1,-1
81,1,350.992,188.978,41.4589,130.848,1,-1,-1,-1
81,4,300.458,190.644,53.5741,132.418,1,-1,-1,-1
81,26,129.247,220.386,25.2304,46.5284,1,-1,-1,-1
81,31,233.739,226.771,24.1127,61.1422,1,-1,-1,-1
81,32,410.421,202.622,47.5725,97.8682,1,-1,-1,-1
81,36,188.65,216.994,26.429,59.1948,1,-1,-1,-1
82,1,352.275,193.028,42.4162,128.243,1,-1,-1,-1
82,4,302.735,191.649,52.6818,128.636,1,-1,-1,-1
82,26,131.661,219.087,25.6486,50.3793,1,-1,-1,-1
82,31,233.407,220.563,26.3778,64.9832,1,-1,-1,-1
82,32,410.526,197.928,47.7489,99.8685,1,-1,-1,-1
82,36,188.278,219.659,24.5418,56.0136,1,-1,-1,-1
83,1,355.045,200.167,38.9498,119.432,1,-1,-1,-1
83,4,300,186.752,56.3562,129.763,1,-1,-1,-1
83,26,130.432,217.663,25.0144,49.2639,1,-1,-1,-1
83,31,232.893,218.851,27.1492,64.7773,1,-1,-1,-1
83,32,412.42,194.522,48.0969,99.2438,1,-1,-1,-1
83,36,186.422,222.045,21.6361,52.0051,1,-1,-1,-1
84,1,355.935,196.03,42.4558,128.728,1,-1,-1,-1
84,4,302.538,190.275,54.4193,126.974,1,-1,-1,-1
84,26,130.26,217.557,26.498,47.4855,1,-1,-1,-1
84,31,230.491,218.436,28.0996,66.2346,1,-1,-1,-1
84,36,184.328,223.555,21.7212,52.3595,1,-1,-1,-1
85,1,356.757,199.011,43.808,130.102,1,-1,-1,-1
85,4,302.595,186.631,55.5172,133.911,1,-1,-1,-1
85,26,126.299,217.017,27.9654,48.5599,1,-1,-1,-1
85,31,227.639,218.297,26.7722,63.2465,1,-1,-1,-1
85,36,184.866,224.775,23.2949,54.4168,1,-1,-1,-1
86,1,357.379,205.192,43.6407,121.238,1,-1,-1,-1
86,4,298.328,189.02,58.4574,136.231,1,-1,-1,-1
86,26,124.981,220.593,30.2619,50.1844,1,-1,-1,-1
86,31,221.495,224.221,24.3838,59.0757,1,-1,-1,-1
86,36,178.836,225.698,23.4243,55.521,1,-1,-1,-1
87,1,357.035,203.877,41.6964,116.806,1,-1,-1,-1
87,4,298.288,193.696,55.469,133.168,1,-1,-1,-1
87,26,124.026,227.252,27.9446,49.482,1,-1,-1,-1
87,31,217.712,224.087,22.8109,57.9318,1,-1,-1,-1
87,32,414.165,198.515,44.9715,86.7844,1,-1,-1,-1
87,36,177.565,229.291,21.5131,53.117,1,-1,-1,-1
88,1,358.604,206.882,38.0613,109.474,1,-1,-1,-1
88,4,299.707,196.633,51.0936,127.705,1,-1,-1,-1
88,26,121.185,227.347,28.2019,50.7084,1,-1,-1,-1
88,31,217.594,220.38,24.697,63.9759,1,-1,-1,-1
88,32,414.987,196.981,44.3617,86.1777,1,-1,-1,-1
88,36,175.375,229.663,20.1831,50.1531,1,-1,-1,-1
89,1,359.994,199.842,41.3994,116.915,1,-1,-1,-1
89,4,298.831,191.846,52.8676,130.048,1,-1,-1,-1
89,26,120.759,230.577,27.0203,49.9648,1,-1,-1,-1
89,31,218.387,217.308,26.5823,68.8733,1,-1,-1,-1
89,32,414.644,196.066,46.6766,90.7841,1,-1,-1,-1
89,36,177.939,229.184,21.0514,53.4217,1,-1,-1,-1
90,1,359.633,189.364,45.6045,126.625,1,-1,-1,-1
90,4,297.881,185.6,54.6684,132.171,1,-1,-1,-1
90,26,119.153,224.282,26.624,51.1392,1,-1,-1,-1
90,31,216.024,209.109,29.7078,78.0103,1,-1,-1,-1
90,32,418.252,194.51,49.8171,96.5243,1,-1,-1,-1
90,36,174.749,225.694,19.7788,51.682,1,-1,-1,-1
91,1,358.664,189.184,45.2698,120.827,1,-1,-1,-1
91,4,298.481,184.063,54.7132,133.479,1,-1,-1,-1
91,26,117.489,222.393,27.0589,51.2421,1,-1,-1,-1
91,31,215.118,207.516,31.2491,81.3634,1,-1,-1,-1
91,32,418.656,194.996,50.4466,97.281,1,-1,-1,-1
91,36,171.778,222.72,21.3025,55.3979,1,-1,-1,-1
91,41,201.814,215.116,26.9065,67.3238,1,-1,-1,-1
92,1,359.953,187.761,44.6171,120.675,1,-1,-1,-1
92,4,301.618,186.603,53.3824,129.863,1,-1,-1,-1
92,26,117.182,218.595,27.7803,49.9086,1,-1,-1,-1
92,31,213.354,208.885,30.8232,80.1745,1,-1,-1,-1
92,36,171.267,220.197,22.7704,57.4822,1,-1,-1,-1
93,1,361.322,191.761,45.7616,121.399,1,-1,-1,-1
93,4,300.28,186.399,56.116,135.994,1,-1,-1,-1
93,26,119.422,218.18,25.659,50.5312,1,-1,-1,-1
93,31,211.461,205.564,33.0424,86.2595,1,-1,-1,-1
93,36,171.088,220.697,21.5275,52.4441,1,-1,-1,-1
94,1,366.038,195.02,45.6091,118.393,1,-1,-1,-1
94,4,301.522,184.942,56.4327,130.853,1,-1,-1,-1
94,26,120.334,217.569,24.3294,47.5014,1,-1,-1,-1
94,31,210.9,204.287,34.2089,88.2325,1,-1,-1,-1
94,36,167.409,222.529,21.5613,50.8397,1,-1,-1,-1
95,1,368.771,195.875,45.046,117.536,1,-1,-1,-1
95,4,305.713,179.561,54.9566,130.303,1,-1,-1,-1
95,26,121.403,214.88,24.6192,51.1815,1,-1,-1,-1
95,31,209.271,201.148,34.2132,88.4522,1,-1,-1,-1
95,36,164.788,220.052,25.9881,57.7383,1,-1,-1,-1
96,1,370.08,202.566,44.1885,110.093,1,-1,-1,-1
96,4,307.854,179.572,54.833,130.115,1,-1,-1,-1
96,26,119.854,215.595,24.4706,50.7376,1,-1,-1,-1
96,31,205.531,200.759,32.9197,84.112,1,-1,-1,-1
96,36,162.129,214.223,28.6225,61.4013,1,-1,-1,-1
97,1,368.178,191.643,44.8239,119.922,1,-1,-1,-1
97,4,310.187,170.953,55.3241,138.177,1,-1,-1,-1
97,26,119.239,210.009,26.1486,50.5589,1,-1,-1,-1
97,31,202.636,190.167,36.0024,94.2118,1,-1,-1,-1
97,36,158.15,209.704,27.9242,64.7738,1,-1,-1,-1
98,1,368.941,185.36,43.359,122.707,1,-1,-1,-1
98,4,312.704,170.371,53.3977,134.721,1,-1,-1,-1
98,26,118.333,206.118,27.2706,50.6715,1,-1,-1,-1
98,31,200.755,185.408,36.6728,100.203,1,-1,-1,-1
98,36,154.982,203.975,30.8542,73.7245,1,-1,-1,-1
99,1,368.351,179.006,43.4576,127.444,1,-1,-1,-1
99,4,309.083,170.846,51.2647,133.241,1,-1,-1,-1
99,26,115.434,202.681,28.8979,54.6836,1,-1,-1,-1
99,31,198.704,184.59,36.0989,101.364,1,-1,-1,-1
99,36,151.276,201.533,31.3634,77.2755,1,-1,-1,-1
100,1,368.177,174.877,46.7821,132.155,1,-1,-1,-1
100,4,311.581,170.17,50.5605,132.046,1,-1,-1,-1
100,26,112.682,206.926,27.0059,53.8264,1,-1,-1,-1
100,31,198.592,184.376,36.6151,105.101,1,-1,-1,-1
100,36,149.218,200.98,29.328,71.1747,1,-1,-1,-1
101,1,368.413,173.713,49.7729,133.002,1,-1,-1,-1
101,4,310.352,169.862,53.152,134.403,1,-1,-1,-1
101,26,111.516,205.221,24.5062,51.9899,1,-1,-1,-1
101,31,199.559,186.15,36.9735,99.1735,1,-1,-1,-1
101,36,146.654,199.421,29.2263,72.9788,1,-1,-1,-1
102,1,367.394,171.748,51.744,137.049,1,-1,-1,-1
102,4,311.812,163.536,53.4911,137.791,1,-1,-1,-1
102,26,109.824,204.894,25.2159,54.2041,1,-1,-1,-1
102,31,197.461,180.568,36.2552,99.87,1,-1,-1,-1
102,36,145.866,202.045,27.5768,71.6559,1,-1,-1,-1
103,1,367.917,181.182,49.393,124.848,1,-1,-1,-1
103,4,307.442,167.158,56.5792,143.287,1,-1,-1,-1
103,31,194.299,186.431,35.1327,98.8626,1,-1,-1,-1
103,36,140.288,200.471,31.7403,78.5663,1,-1,-1,-1
104,1,366.558,183.027,48.2181,123.548,1,-1,-1,-1
104,4,304.852,171.814,53.7624,136.106,1,-1,-1,-1
104,31,192.596,199.274,32.9628,87.4442,1,-1,-1,-1
104,36,133.203,198.924,32.8594,83.1786,1,-1,-1,-1
105,1,367.089,177.889,46.7267,124.392,1,-1,-1,-1
105,4,302.26,170.151,53.0144,133.597,1,-1,-1,-1
105,31,188.483,198.284,33.1619,87.1503,1,-1,-1,-1
105,36,127.655,201.355,32.445,84.2728,1,-1,-1,-1
106,1,364.581,172.385,49.8636,126.178,1,-1,-1,-1
106,4,301.445,168.689,54.8184,136.884,1,-1,-1,-1
106,31,182.102,196.931,31.7382,91.6887,1,-1,-1,-1
106,36,117.316,196.67,33.5855,86.8015,1,-1,-1,-1
107,1,365.038,174.602,48.3925,123.319,1,-1,-1,-1
107,4,300.033,172.967,56.1509,137.736,1,-1,-1,-1
107,31,174.863,191.838,33.9459,104.796,1,-1,-1,-1
107,36,111.303,193.576,36.127,87.4314,1,-1,-1,-1
107,50,270.303,209.775,24.5055,69.7863,1,-1,-1,-1
108,1,360.601,171.744,46.8144,127.755,1,-1,-1,-1
108,4,300.481,182.107,54.6377,133.617,1,-1,-1,-1
108,31,166.362,185.708,35.8932,112.216,1,-1,-1,-1
108,36,101.261,194.439,37.4179,87.5617,1,-1,-1,-1
108,49,222.074,222.67,31.0582,78.2437,1,-1,-1,-1
109,1,358.154,181.366,45.2411,123.95,1,-1,-1,-1
109,4,296.149,181.732,54.4276,130.817,1,-1,-1,-1
109,31,160.766,180.575,38.2828,118.797,1,-1,-1,-1
109,36,92.5779,195.511,40.6567,91.2208,1,-1,-1,-1
109,49,216.085,222.407,30.9003,81.026,1,-1,-1,-1
110,1,353.459,189.735,47.9895,121.428,1,-1,-1,-1
110,4,294.382,181.027,53.612,126.575,1,-1,-1,-1
110,31,153.461,178.888,40.0042,122.007,1,-1,-1,-1
110,36,87.068,197.229,41.4954,92.873,1,-1,-1,-1
110,49,214.983,214.963,31.7529,87.3191,1,-1,-1,-1
111,1,352.241,192.529,45.7342,120.213,1,-1,-1,-1
111,4,295.764,183.207,51.6396,126.124,1,-1,-1,-1
111,31,147.409,176.899,41.3772,123.307,1,-1,-1,-1
111,36,82.0723,196.38,39.894,92.9391,1,-1,-1,-1
111,49,214.644,210.141,30.5758,90.399,1,-1,-1,-1
111,51,257.729,215.711,24.2149,69.7905,1,-1,-1,-1
112,1,352.677,193.788,44.9033,115.659,1,-1,-1,-1
112,4,295.876,181.739,52.3685,128.452,1,-1,-1,-1
112,31,144.358,175.633,42.5282,128.566,1,-1,-1,-1
112,36,77.1614,197.987,42.2241,96.1249,1,-1,-1,-1
112,49,207.506,200.73,42.8901,109.965,1,-1,-1,-1
112,51,261.698,214.627,21.993,65.8702,1,-1,-1,-1
113,1,351.156,186.933,43.9779,120.171,1,-1,-1,-1
113,4,298.471,180.607,53.3155,128.884,1,-1,-1,-1
113,31,141.355,172.5,43.1746,128.075,1,-1,-1,-1
113,36,70.3239,193.421,48.3453,105.665,1,-1,-1,-1
113,52,188.255,214.538,32.5215,92.3278,1,-1,-1,-1
113,54,514.38,188.442,42.4976,119.842,1,-1,-1,-1
114,1,351.941,183.18,41.0993,121.556,1,-1,-1,-1
114,4,295.791,178.259,53.7734,128.349,1,-1,-1,-1
114,31,135.312,166.909,48.809,138.497,1,-1,-1,-1
114,36,67.0858,196.8,43.6603,101.318,1,-1,-1,-1
114,52,183.743,211.825,31.5232,96.6571,1,-1,-1,-1
114,54,518.945,193.516,41.552,112.413,1,-1,-1,-1
115,1,352.434,183.309,40.6856,115.197,1,-1,-1,-1
115,4,298.911,177.228,52.7905,126.682,1,-1,-1,-1
115,31,130.029,169.548,48.8473,138.243,1,-1,-1,-1
115,36,66.8828,192.763,44.4817,102.666,1,-1,-1,-1
115,52,179.411,208.143,33.9954,105.663,1,-1,-1,-1
115,54,516.361,192.189,42.0727,111.725,1,-1,-1,-1
116,1,353.588,180.798,43.5671,120.598,1,-1,-1,-1
116,4,297.129,176.474,53.2829,127.698,1,-1,-1,-1
116,31,129.255,170.158,47.2694,136.839,1,-1,-1,-1
116,36,60.6539,190.247,43.4734,104.172,1,-1,-1,-1
116,49,202.715,200.785,35.2006,102.79,1,-1,-1,-1
116,52,175.221,202.328,37.6907,116.021,1,-1,-1,-1
116,54,516.273,193.154,40.7101,103.574,1,-1,-1,-1
116,55,245.544,211.34,29.2739,81.7103,1,-1,-1,-1
117,1,350.564,182.349,46.1145,121.62,1,-1,-1,-1
117,4,296.339,174.147,55.5125,133.787,1,-1,-1,-1
117,31,126.557,168.113,47.3032,133.777,1,-1,-1,-1
117,36,52.7105,187.458,42.7927,105.597,1,-1,-1,-1
117,49,201.607,200.809,36.052,110.747,1,-1,-1,-1
117,52,170.838,205.164,37.3377,108.901,1,-1,-1,-1
117,55,243.25,217.17,30.1727,78.895,1,-1,-1,-1
118,1,349.771,183.288,46.5383,121.012,1,-1,-1,-1
118,4,297.059,175.642,55.9967,133.996,1,-1,-1,-1
118,31,117.062,166.398,49.6054,134.035,1,-1,-1,-1
118,36,46.1732,188.434,45.3222,106.878,1,-1,-1,-1
118,49,194.348,200.074,40.1867,118.409,1,-1,-1,-1
118,52,166.793,208.044,36.8202,107.929,1,-1,-1,-1
118,55,241.856,218.096,30.5336,79.6586,1,-1,-1,-1
118,56,539.973,176.933,44.5749,120.04,1,-1,-1,-1
119,1,346.331,183.635,47.409,124.754,1,-1,-1,-1
119,4,296.427,173.617,57.0139,135.952,1,-1,-1,-1
119,31,114.84,164.266,49.6856,137.14,1,-1,-1,-1
119,49,189.747,200.848,42.8391,121.531,1,-1,-1,-1
119,52,165.324,215.245,36.5356,107.131,1,-1,-1,-1
119,55,238.287,214.131,33.2212,86.9532,1,-1,-1,-1
119,56,540.126,183.275,44.2417,113.282,1,-1,-1,-1
120,1,342.612,180.668,43.3429,120.245,1,-1,-1,-1
120,4,290.718,177.899,56.8659,135.744,1,-1,-1,-1
120,31,109.764,165.478,49.5005,139.189,1,-1,-1,-1
120,49,189.325,208.596,39.0433,115.204,1,-1,-1,-1
120,52,159.099,222.268,35.7179,101.376,1,-1,-1,-1
120,55,236.433,216.195,32.17,86.6101,1,-1,-1,-1
120,56,518.273,182.419,69.3352,128.572,1,-1,-1,-1
121,1,340.652,178.28,43.5163,124.761,1,-1,-1,-1
121,4,288.894,176.807,56.5272,137.125,1,-1,-1,-1
121,31,95.0524,163.343,52.3525,153.662,1,-1,-1,-1
121,49,186.758,214.152,36.4722,112.161,1,-1,-1,-1
121,52,147.592,220.761,35.1725,103.374,1,-1,-1,-1
121,55,231.575,214.143,33.3478,90.2254,1,-1,-1,-1
121,56,506.596,186.709,78.6238,125.309,1,-1,-1,-1
122,1,333.225,183.363,41.4242,124.273,1,-1,-1,-1
122,4,282.625,174.135,54.5417,136.679,1,-1,-1,-1
122,31,82.61,165.819,48.8362,150.747,1,-1,-1,-1
122,36,12.8539,203.803,37.7838,112.123,1,-1,-1,-1
122,49,175.434,214.29,37.7846,120.238,1,-1,-1,-1
122,52,134.254,218.178,37.8927,109.568,1,-1,-1,-1
122,55,222.391,212.309,31.9611,92.3841,1,-1,-1,-1
123,1,320.451,180.447,45.0319,131.259,1,-1,-1,-1
123,4,273.72,176.211,52.2867,134.487,1,-1,-1,-1
123,31,66.0549,156.712,50.7271,163.275,1,-1,-1,-1
123,49,164.097,216.587,35.7851,117.342,1,-1,-1,-1
123,52,118.534,217.61,40.884,114.142,1,-1,-1,-1
123,55,211.01,212.64,33.4979,96.5568,1,-1,-1,-1
124,1,310.574,171.968,46.6423,126.513,1,-1,-1,-1
124,4,265.767,180.292,50.456,129.09,1,-1,-1,-1
124,31,49.131,151.892,48.3648,164.436,1,-1,-1,-1
124,49,148.389,213.201,37.0998,125.014,1,-1,-1,-1
124,52,101.892,220.119,42.1205,113.712,1,-1,-1,-1
124,55,198.568,211.488,35.5488,101.178,1,-1,-1,-1
125,1,302.53,173.205,46.8741,129.345,1,-1,-1,-1
125,4,256.334,180.26,50.9585,130.703,1,-1,-1,-1
125,31,32.0268,138.975,56.5362,183.604,1,-1,-1,-1
125,49,134.993,184.952,46.4171,149.418,1,-1,-1,-1
125,52,88.9337,220.831,44.899,119.498,1,-1,-1,-1
125,55,188.558,211.281,35.4599,103.69,1,-1,-1,-1
126,1,302.572,176.893,45.243,129.495,1,-1,-1,-1
126,4,256.561,182.55,51.4668,126.464,1,-1,-1,-1
126,31,22.5195,140.028,58.7283,188.854,1,-1,-1,-1
126,49,126.596,182.246,52.875,163.328,1,-1,-1,-1
126,52,79.8425,221.271,48.9651,125.018,1,-1,-1,-1
126,55,185.231,207.664,37.8296,109.457,1,-1,-1,-1
127,1,303.937,193.157,39.2818,117.25,1,-1,-1,-1
127,4,256.245,178.07,54.3412,134.233,1,-1,-1,-1
127,31,14.3077,131.311,63.1461,206.594,1,-1,-1,-1
127,52,76.7882,218.666,45.7355,122.063,1,-1,-1,-1
127,55,177.656,197.585,41.1701,124.672,1,-1,-1,-1
128,1,305.312,189.979,42.0082,122.498,1,-1,-1,-1
128,4,254.091,178.626,52.6112,130.615,1,-1,-1,-1
128,31,9.8016,130.382,65.0294,210.894,1,-1,-1,-1
128,52,66.1219,215.677,47.5734,128.607,1,-1,-1,-1
128,55,176.882,190.184,40.7239,129.601,1,-1,-1,-1
129,1,304.217,185.248,43.3756,131.577,1,-1,-1,-1
129,4,256.419,177.786,53.0784,127.084,1,-1,-1,-1
129,31,5.01983,122.15,73.0847,234.501,1,-1,-1,-1
129,52,59.2138,209.765,46.7635,136.643,1,-1,-1,-1
129,55,173.75,188.526,44.2274,137.385,1,-1,-1,-1
129,58,580.384,202.617,38.5961,120.8,1,-1,-1,-1
130,1,302.772,186.213,43.082,130.027,1,-1,-1,-1
130,4,253.658,176.421,52.7548,130.827,1,-1,-1,-1
130,31,6.58507,161.898,61.2373,195.382,1,-1,-1,-1
130,52,51.3665,204.437,46.6042,141.356,1,-1,-1,-1
130,55,171.195,189.942,45.6165,139.423,1,-1,-1,-1
130,58,582.984,207.263,39.5067,115.634,1,-1,-1,-1
131,1,302.901,182.092,42.064,133.928,1,-1,-1,-1
131,4,256.114,175.974,53.9988,132.978,1,-1,-1,-1
131,31,6.9124,190.208,55.2598,169.792,1,-1,-1,-1
131,52,45.5979,210.017,53.1689,142.325,1,-1,-1,-1
131,55,165.089,188.718,48.46,143.727,1,-1,-1,-1
131,58,585.91,215.116,41.0653,115.258,1,-1,-1,-1
132,1,304.125,175.946,40.2282,134.827,1,-1,-1,-1
132,4,252.457,169.769,56.0177,139.757,1,-1,-1,-1
132,31,2.24982,152.755,65.2903,213.211,1,-1,-1,-1
132,52,42.159,210.793,55.1859,145.804,1,-1,-1,-1
132,55,161.081,185.459,45.0802,143.851,1,-1,-1,-1
132,58,592.26,225.48,37.3731,104.743,1,-1,-1,-1
132,61,3.15392,123.546,54.428,97.8424,1,-1,-1,-1
133,1,305.174,173.774,40.869,136.601,1,-1,-1,-1
133,4,253.925,169.263,57.4258,140.33,1,-1,-1,-1
133,31,4.05686,132.058,74.9782,237.55,1,-1,-1,-1
133,55,155.338,182.263,40.7234,137.468,1,-1,-1,-1
133,61,0,121.574,53.3719,111.238,1,-1,-1,-1
134,1,305.296,174.477,41.1387,138.58,1,-1,-1,-1
134,4,255.932,170.583,55.5815,136.421,1,-1,-1,-1
134,61,0,120.506,49.7077,117.191,1,-1,-1,-1
134,62,84.1618,130.839,57.7536,156.735,1,-1,-1,-1
134,63,161.966,170.497,49.4977,167.133,1,-1,-1,-1
135,1,305.919,176.677,40.3224,134.247,1,-1,-1,-1
135,4,255.05,172.415,56.7244,136.959,1,-1,-1,-1
135,63,156.521,169.63,49.0757,162.567,1,-1,-1,-1
136,1,305.515,175.447,42.1884,133.26,1,-1,-1,-1
136,4,254.472,170.666,58.8526,142.27,1,-1,-1,-1
136,63,151.715,161.185,53.2803,171.854,1,-1,-1,-1
137,1,305.77,172.083,43.9279,137.565,1,-1,-1,-1
137,4,254.158,171.566,57.9705,143.753,1,-1,-1,-1
137,63,153.924,169.891,51.9955,170.048,1,-1,-1,-1
138,1,304.394,170.798,48.711,142.918,1,-1,-1,-1
138,4,251.28,172.558,55.4984,140.692,1,-1,-1,-1
138,63,143.341,178.986,52.4895,174.848,1,-1,-1,-1
139,1,304.834,172.905,49.6142,140.565,1,-1,-1,-1
139,4,249.678,176.409,52.7345,132.65,1,-1,-1,-1
139,63,140.689,179.314,53.4325,177.484,1,-1,-1,-1
140,1,303.747,174.568,50.9877,133.263,1,-1,-1,-1
140,4,245.854,177.546,54.9809,126.184,1,-1,-1,-1
140,63,139.995,189.462,54.0274,175.119,1,-1,-1,-1
141,1,302.631,177.927,52.6145,136.104,1,-1,-1,-1
141,4,249.184,181.159,49.4799,122.716,1,-1,-1,-1
141,63,132.34,187.819,61.9302,187.307,1,-1,-1,-1
141,66,0,81.7181,114.201,342.876,1,-1,-1,-1
142,1,302.359,183.383,51.97,134.559,1,-1,-1,-1
142,4,246.95,178.96,56.2927,139.153,1,-1,-1,-1
142,63,121.749,169.318,72.3272,215.051,1,-1,-1,-1
142,66,0,88.9319,105.785,348.284,1,-1,-1,-1
143,1,302.419,184.203,52.9794,134.899,1,-1,-1,-1
143,4,249.031,181.803,50.8201,133.779,1,-1,-1,-1
143,63,105.803,143.832,81.1308,246.381,1,-1,-1,-1
143,66,0,96.5453,94.8901,345.825,1,-1,-1,-1
144,1,303.29,182.163,50.6542,135.469,1,-1,-1,-1
144,4,247.474,179.774,52.4849,141.685,1,-1,-1,-1
144,63,102.693,126.613,87.44,269.486,1,-1,-1,-1
145,1,304.166,180.008,48.1303,133.464,1,-1,-1,-1
145,4,249.143,180.732,52.1669,141.66,1,-1,-1,-1
145,63,95.3491,110.852,95.3192,294.674,1,-1,-1,-1
146,1,305.345,179.028,48.9839,132.209,1,-1,-1,-1
146,4,248.524,175.099,53.9332,144.081,1,-1,-1,-1
146,63,84.1711,97.8974,103.415,316.162,1,-1,-1,-1
147,1,305.578,179.347,47.7609,129.618,1,-1,-1,-1
147,4,250.424,175.862,50.284,137.701,1,-1,-1,-1
147,63,64.5316,93.1343,118.747,333.867,1,-1,-1,-1
148,1,305.596,183.807,44.9825,124.194,1,-1,-1,-1
148,4,250.237,175.443,51.1399,137.079,1,-1,-1,-1
148,63,45.2637,92.7876,129.72,344.972,1,-1,-1,-1
149,1,306.4,182.555,41.7847,121.629,1,-1,-1,-1
149,4,249.755,174.638,52.8399,138.956,1,-1,-1,-1
149,63,20.3283,83.697,140.277,362.377,1,-1,-1,-1
150,1,304.89,183.808,38.9979,117.909,1,-1,-1,-1
150,4,251.358,179.86,51.6091,134.344,1,-1,-1,-1
150,63,2.62138,64.7756,157.439,395.793,1,-1,-1,-1
150,71,193.974,210.227,25.2827,66.0851,1,-1,-1,-1
151,1,302.769,185.824,40.4514,123.543,1,-1,-1,-1
151,4,252.316,177.091,51.3672,138.884,1,-1,-1,-1
151,63,0,59.4485,155.129,400.699,1,-1,-1,-1
151,71,193.933,211.554,24.8341,67.0933,1,-1,-1,-1
152,1,305.376,184.465,41.2395,125.967,1,-1,-1,-1
152,4,252.367,173.711,51.8815,140.002,1,-1,-1,-1
152,63,0,47.9687,157.372,420.165,1,-1,-1,-1
152,71,194.112,210.162,24.1057,67.264,1,-1,-1,-1
153,1,305.619,177.374,43.8975,131.379,1,-1,-1,-1
153,4,252.26,173.135,50.4091,139.866,1,-1,-1,-1
153,63,0,28.2486,151.264,429.395,1,-1,-1,-1
153,71,189.014,203.023,26.1624,73.4155,1,-1,-1,-1
154,1,304.588,179.161,46.1756,133.111,1,-1,-1,-1
154,4,249.54,173.4,52.8968,141.66,1,-1,-1,-1
154,63,0,44.5078,136.843,415.145,1,-1,-1,-1
154,71,187.039,199.895,28.9851,81.9388,1,-1,-1,-1
155,1,307.259,188.127,44.0655,125.345,1,-1,-1,-1
155,4,251.745,176.406,51.54,137.443,1,-1,-1,-1
155,63,0,58.11,112.823,382.849,1,-1,-1,-1
155,71,183.077,197.705,31.2063,85.9895,1,-1,-1,-1
155,73,152.684,202.809,29.7883,80.4428,1,-1,-1,-1
156,1,304.817,187.768,44.0685,123.582,1,-1,-1,-1
156,4,252.879,180.803,50.1455,132.193,1,-1,-1,-1
156,63,0,92.5349,92.2229,338.462,1,-1,-1,-1
156,71,175.404,195.42,33.6535,91.2007,1,-1,-1,-1
157,1,302.769,189.616,43.6933,123.136,1,-1,-1,-1
157,4,253.422,185.63,49.9769,130.495,1,-1,-1,-1
157,71,174.446,197.487,36.8299,94.6144,1,-1,-1,-1
158,1,302.377,194.265,46.4573,126.573,1,-1,-1,-1
158,4,254.033,184.887,51.3568,136.947,1,-1,-1,-1
158,71,176.379,195.537,36.2169,98.5603,1,-1,-1,-1
158,75,476.454,166.322,45.8093,151.272,1,-1,-1,-1
159,1,306.21,192.645,49.8504,134.352,1,-1,-1,-1
159,4,254.865,183.603,50.7537,141.655,1,-1,-1,-1
159,71,174.205,187.917,45.8352,113.583,1,-1,-1,-1
159,75,477.53,166.744,48.5737,162.44,1,-1,-1,-1
159,76,111.98,185.025,36.6573,106.199,1,-1,-1,-1
159,77,63.068,224.771,40.9703,60.8717,1,-1,-1,-1
160,1,306.749,193.919,51.2359,138.608,1,-1,-1,-1
160,4,251.839,181.699,52.0223,144.144,1,-1,-1,-1
160,75,473.888,174.85,51.3124,153.553,1,-1,-1,-1
160,76,114.404,178.893,40.8377,117.429,1,-1,-1,-1
160,77,59.6433,229.124,40.5559,58.8329,1,-1,-1,-1
161,1,310.542,195.917,49.8665,131.026,1,-1,-1,-1
161,4,250.525,182.136,53.1154,141.841,1,-1,-1,-1
161,76,115.474,178.855,39.7038,112.967,1,-1,-1,-1
161,77,57.9393,228.192,40.3202,58.4798,1,-1,-1,-1
162,1,312.867,193.828,48.8885,129.051,1,-1,-1,-1
162,4,253.391,177.378,52.5823,141.299,1,-1,-1,-1
162,76,111.283,178.705,42.3502,115.889,1,-1,-1,-1
162,77,52.8168,231.539,37.6162,55.8684,1,-1,-1,-1
163,1,312.334,189.745,44.7821,121.882,1,-1,-1,-1
163,4,250.718,172.714,53.8194,141.378,1,-1,-1,-1
163,76,108.463,172.552,43.1564,121.46,1,-1,-1,-1
164,1,312.044,183.979,42.9662,123.896,1,-1,-1,-1
164,4,253.265,171.634,57.0735,146.626,1,-1,-1,-1
164,76,107.654,175.871,43.8376,125.443,1,-1,-1,-1
164,79,17.5699,224.784,32.6683,60.1239,1,-1,-1,-1
165,1,312.126,185.281,42.2612,125.174,1,-1,-1,-1
165,4,252.837,177.769,55.9647,143.964,1,-1,-1,-1
165,76,107.559,181.266,43.4003,120.617,1,-1,-1,-1
165,79,20.0443,227.182,33.9743,59.012,1,-1,-1,-1
165,80,58.226,227.183,37.8256,65.4277,1,-1,-1,-1
166,1,316.383,179.854,43.0958,126.638,1,-1,-1,-1
166,4,255.859,177.312,56.379,146.206,1,-1,-1,-1
166,76,108.359,183.084,42.2855,116.244,1,-1,-1,-1
166,79,25.872,231.453,34.9726,61.5014,1,-1,-1,-1
166,80,57.9276,230.41,38.6538,66.8598,1,-1,-1,-1
167,1,319.134,185.665,43.8092,122.797,1,-1,-1,-1
167,4,256.419,174.367,58.8771,151.642,1,-1,-1,-1
167,76,106.232,183.829,44.1653,118.646,1,-1,-1,-1
167,79,27.1552,228.853,33.0352,59.6115,1,-1,-1,-1
167,80,58.2359,229.383,38.8133,66.6713,1,-1,-1,-1
167,81,169.621,202.377,47.1325,98.8998,1,-1,-1,-1
168,1,319.591,187.649,46.0212,122.165,1,-1,-1,-1
168,4,260.003,176.768,55.7245,145.972,1,-1,-1,-1
168,76,104.358,183.671,45.2968,119.646,1,-1,-1,-1
168,79,23.1748,231.86,34.4383,60.961,1,-1,-1,-1
168,80,57.472,224.914,40.744,67.334,1,-1,-1,-1
168,81,173.985,196.976,47.9969,101.563,1,-1,-1,-1
169,1,319.026,183.288,46.8409,124.702,1,-1,-1,-1
169,4,260.741,179.236,53.5048,138.907,1,-1,-1,-1
169,76,101.887,177.068,48.1082,123.568,1,-1,-1,-1
169,80,54.0741,221.671,42.8633,67.723,1,-1,-1,-1
169,81,175.652,202.478,42.9372,92.2823,1,-1,-1,-1
170,1,316.57,177.039,46.2543,118.063,1,-1,-1,-1
170,4,258.386,175.079,58.4529,139.759,1,-1,-1,-1
170,76,95.6984,173.164,52.6292,132.81,1,-1,-1,-1
170,80,52.7151,222.07,40.7618,66.016,1,-1,-1,-1
170,81,171.151,200.701,43.0915,96.1138,1,-1,-1,-1
171,1,315.153,172.867,45.2941,111.041,1,-1,-1,-1
171,4,254.929,173.434,57.3971,138.771,1,-1,-1,-1
171,76,89.9681,169.521,57.2354,140.159,1,-1,-1,-1
171,80,49.4708,215.514,42.9274,67.4084,1,-1,-1,-1
171,81,169.321,199.138,43.0733,96.6396,1,-1,-1,-1
172,1,314.999,174.056,46.405,115.124,1,-1,-1,-1
172,4,254.106,174.634,55.4432,137.937,1,-1,-1,-1
172,76,75.8315,163.395,72.3118,149.531,1,-1,-1,-1
172,80,48.4351,219.046,38.6142,65.8547,1,-1,-1,-1
172,81,166.795,193.067,43.1414,99.9787,1,-1,-1,-1
173,1,313.986,171.551,50.0064,124.675,1,-1,-1,-1
173,4,255.895,172.954,52.5211,132.485,1,-1,-1,-1
173,76,70.0174,165.596,79.8406,155.261,1,-1,-1,-1
173,80,41.8702,221.189,40.4016,64.8392,1,-1,-1,-1
173,81,165.646,193.719,41.8204,101.735,1,-1,-1,-1
174,1,312.785,173.034,52.0596,129.655,1,-1,-1,-1
174,4,254.965,175.863,52.779,132.109,1,-1,-1,-1
174,76,63.7699,172.983,83.1685,149.368,1,-1,-1,-1
174,81,165.152,189.252,42.4248,107.708,1,-1,-1,-1
175,1,312.238,174.263,51.5637,133.009,1,-1,-1,-1
175,4,252.974,175.356,54.4778,135.284,1,-1,-1,-1
175,76,65.07,168.662,80.4968,152.214,1,-1,-1,-1
175,81,161.893,182.027,42.975,108.932,1,-1,-1,-1
175,83,596.615,200.323,32.0181,84.8155,1,-1,-1,-1
176,1,312.634,174.77,51.1936,135.527,1,-1,-1,-1
176,4,253.073,172.555,53.1343,133.709,1,-1,-1,-1
176,76,62.6861,163.851,76.187,146.905,1,-1,-1,-1
176,81,158.728,181.689,44.84,112.881,1,-1,-1,-1
177,1,314.667,178.051,48.5312,132.847,1,-1,-1,-1
177,4,255.589,175.138,52.5116,131.095,1,-1,-1,-1
177,76,54.5184,157.92,79.92,138.982,1,-1,-1,-1
177,81,153.735,176.748,46.9422,117.309,1,-1,-1,-1
178,1,313.447,177.338,49.1113,136.364,1,-1,-1,-1
178,4,261.635,172.618,51.5566,129.157,1,-1,-1,-1
178,76,50.9493,157.574,70.4739,135.078,1,-1,-1,-1
178,81,151.137,174.149,47.9467,128.505,1,-1,-1,-1
179,1,311.788,175.379,50.9136,139.829,1,-1,-1,-1
179,4,263.048,168.298,53.5795,138.693,1,-1,-1,-1
179,76,45.2119,156.19,70.9003,145.702,1,-1,-1,-1
179,81,148.184,169.531,50.4179,142.884,1,-1,-1,-1
180,1,311.814,176.162,48.9317,134.722,1,-1,-1,-1
180,4,264.307,169.744,51.654,136.353,1,-1,-1,-1
180,76,41.7443,155.336,60.8733,133.981,1,-1,-1,-1
180,81,146.618,172.2,52.9577,147.706,1,-1,-1,-1
180,84,212.069,205.061,21.4962,67.4177,1,-1,-1,-1
181,1,312.599,170.69,49.0846,136.401,1,-1,-1,-1
181,4,263.054,169.512,51.6098,137.256,1,-1,-1,-1
181,76,32.5011,147.586,64.4143,135.689,1,-1,-1,-1
181,81,145.605,169.478,52.8619,149.318,1,-1,-1,-1
181,84,211.748,200.367,22.8046,71.2428,1,-1,-1,-1
181,86,106.343,167.154,36.7355,118.982,1,-1,-1,-1
182,1,313.806,170.978,46.8101,133.311,1,-1,-1,-1
182,4,260.771,169.246,58.1528,143.169,1,-1,-1,-1
182,76,20.0058,142.261,75.0952,168.687,1,-1,-1,-1
182,81,140.893,166.411,55.8044,151.17,1,-1,-1,-1
182,86,99.3911,155.84,39.969,130.239,1,-1,-1,-1
183,1,318.329,170.911,48.385,135.831,1,-1,-1,-1
183,4,257.781,168.542,57.3064,145.276,1,-1,-1,-1
183,76,9.32368,143.725,77.4859,185.623,1,-1,-1,-1
183,81,141.22,165.923,57.0194,152.893,1,-1,-1,-1
183,86,95.9999,156.189,41.4114,140.37,1,-1,-1,-1
184,1,318.928,170.575,47.2634,135.778,1,-1,-1,-1
184,4,260.892,167.197,59.2547,150.477,1,-1,-1,-1
184,76,10.5894,162.745,66.6395,176.384,1,-1,-1,-1
184,81,140.42,164.102,58.1683,159.723,1,-1,-1,-1
184,86,92.4108,148.066,38.8497,128.058,1,-1,-1,-1
185,1,316.06,173.723,47.0424,138.241,1,-1,-1,-1
185,4,261.534,169.265,59.3465,146.379,1,-1,-1,-1
185,76,3.45584,143.469,71.2128,205.433,1,-1,-1,-1
185,81,136.423,164.405,58.9145,169.904,1,-1,-1,-1
185,86,83.1048,142.148,44.904,123.165,1,-1,-1,-1
186,1,313.398,180.639,45.7768,134.686,1,-1,-1,-1
186,4,262.749,171.847,53.9649,139.871,1,-1,-1,-1
186,76,0,126.956,70.8482,224.766,1,-1,-1,-1
186,81,138.759,168.536,55.7186,168.347,1,-1,-1,-1
186,86,73.6111,138.766,44.3636,123.719,1,-1,-1,-1
187,1,313.613,178.693,45.9513,134.936,1,-1,-1,-1
187,4,264.449,169.253,52.6499,138.184,1,-1,-1,-1
187,76,0,117.531,70.0421,238.509,1,-1,-1,-1
187,81,137.66,161.523,58.1737,169.675,1,-1,-1,-1
187,86,78.1631,134.491,46.8626,131.166,1,-1,-1,-1
188,1,316.973,173.164,46.5956,137.566,1,-1,-1,-1
188,4,265.301,170.128,50.7987,138.899,1,-1,-1,-1
188,76,0,113.294,60.0288,198.39,1,-1,-1,-1
188,81,134.458,157.245,62.0405,181.017,1,-1,-1,-1
188,86,74.9623,140.814,48.0073,141.034,1,-1,-1,-1
189,1,320.337,173.084,48.9259,136.174,1,-1,-1,-1
189,4,263.364,163.056,55.9844,150.11,1,-1,-1,-1
189,76,0,109.244,51.6067,173.766,1,-1,-1,-1
189,81,127.561,152.608,68.503,193.433,1,-1,-1,-1
189,86,78.7763,138.028,47.025,145.468,1,-1,-1,-1
190,1,320.056,168.964,52.0392,141.655,1,-1,-1,-1
190,4,263.776,168.721,51.8489,146.119,1,-1,-1,-1
190,76,1.31977,126.349,39.3257,138.911,1,-1,-1,-1
190,81,126.733,150.478,69.598,203.435,1,-1,-1,-1
190,86,73.7838,133.005,45.2498,124.693,1,-1,-1,-1
191,1,319.18,171.956,53.8145,142.079,1,-1,-1,-1
191,4,261.574,168.141,54.7334,154.935,1,-1,-1,-1
191,81,125.755,143.437,70.1394,207.549,1,-1,-1,-1
192,1,317.352,172.088,55.3861,147.376,1,-1,-1,-1
192,4,262.421,169.947,54.8575,157.529,1,-1,-1,-1
192,81,112.644,132.187,82.5218,239.468,1,-1,-1,-1
193,1,320.128,175.178,57.1236,145.953,1,-1,-1,-1
193,4,264.716,172.557,53.4002,154.545,1,-1,-1,-1
193,81,111.458,140.758,77.521,238.185,1,-1,-1,-1
194,1,321.098,179.115,55.3345,141.663,1,-1,-1,-1
194,4,268.914,172.84,52.6496,154.976,1,-1,-1,-1
194,81,103.981,126.958,89.5026,273.834,1,-1,-1,-1
195,1,319.711,169.53,59.2957,145.171,1,-1,-1,-1
195,4,271.578,173.875,52.7791,152.974,1,-1,-1,-1
195,81,94.0053,119.631,98.3187,296.963,1,-1,-1,-1
195,88,207.644,219.898,25.6432,63.1695,1,-1,-1,-1
195,92,3.25461,91.6846,95.7037,294.258,1,-1,-1,-1
196,1,319.068,170.994,55.0482,137.35,1,-1,-1,-1
196,4,272.667,173.08,52.5865,146.168,1,-1,-1,-1
196,81,85.0464,107.705,106.697,316.44,1,-1,-1,-1
196,88,205,218.556,28.119,63.9267,1,-1,-1,-1
196,92,1.41364,100.443,80.6623,274.087,1,-1,-1,-1
197,1,318.322,168.159,50.745,134.288,1,-1,-1,-1
197,4,272.99,172.218,53.108,141.73,1,-1,-1,-1
197,81,72.5938,93.684,115.628,338.974,1,-1,-1,-1
197,88,207.959,218.86,27.81,65.3523,1,-1,-1,-1
197,92,8.19677,100.659,64.4299,211.269,1,-1,-1,-1
198,1,316.335,170.142,45.2325,126.885,1,-1,-1,-1
198,4,271.456,169.166,56.1859,145.486,1,-1,-1,-1
198,81,55.7184,73.6455,125.953,378.21,1,-1,-1,-1
198,88,205.776,219.067,28.7304,65.5915,1,-1,-1,-1
199,1,316.58,177.373,42.9062,124.932,1,-1,-1,-1
199,4,270.616,172.985,57.5511,148.978,1,-1,-1,-1
199,81,44.7597,68.4251,128.386,387.163,1,-1,-1,-1
199,88,203.474,217.437,30.2528,68.5098,1,-1,-1,-1
200,1,316.652,177.271,50.7415,137.366,1,-1,-1,-1
200,4,269.602,173.831,60.0709,151.548,1,-1,-1,-1
200,81,23.604,55.1741,144.971,416.877,1,-1,-1,-1
200,88,205.742,220.119,29.8517,66.7086,1,-1,-1,-1
201,1,317.711,179.195,52.3314,140.908,1,-1,-1,-1
201,4,271.022,175.438,58.6849,148.504,1,-1,-1,-1
201,81,5.50528,40.4296,158.898,442.436,1,-1,-1,-1
201,88,207.987,219.586,30.4921,68.2801,1,-1,-1,-1
202,1,317.347,177.464,52.5434,141.041,1,-1,-1,-1
202,4,267.298,178.743,58.2957,145.036,1,-1,-1,-1
202,81,0,30.7963,159.187,452.231,1,-1,-1,-1
202,88,210.15,221.513,29.2042,65.9057,1,-1,-1,-1
203,1,319.659,180.122,54.7182,139.44,1,-1,-1,-1
203,4,264.989,180.119,56.6902,141.529,1,-1,-1,-1
203,81,0,36.619,142.344,429.804,1,-1,-1,-1
203,88,214.822,223.564,27.4516,63.9107,1,-1,-1,-1
203,95,197.244,220.44,27.7751,61.7184,1,-1,-1,-1
204,1,318.834,173.247,58.0821,144.172,1,-1,-1,-1
204,4,265.162,181.722,53.8755,136.814,1,-1,-1,-1
204,81,0,43.4926,118.296,365.527,1,-1,-1,-1
204,88,215.129,221.583,28.0493,64.7688,1,-1,-1,-1
204,95,194.754,213.265,29.7162,66.889,1,-1,-1,-1
205,1,322.162,168.894,54.6196,144.926,1,-1,-1,-1
205,4,268.841,178.252,54.14,138.11,1,-1,-1,-1
205,95,200.267,212.943,32.9626,72.7964,1,-1,-1,-1
206,1,323.765,171.74,52.3423,138.175,1,-1,-1,-1
206,4,271.556,176.348,51.3097,131.049,1,-1,-1,-1
206,95,199.098,212.945,33.1196,73.6372,1,-1,-1,-1
206,96,107.325,166.768,51.3905,124.278,1,-1,-1,-1
207,1,322.917,175.507,55.6007,130.313,1,-1,-1,-1
207,4,271.254,173.66,51.5178,133.044,1,-1,-1,-1
207,95,194.987,214.54,32.4031,72.557,1,-1,-1,-1
207,96,108.598,168.079,48.4546,119.609,1,-1,-1,-1
208,1,322.211,178.415,58.9281,125.039,1,-1,-1,-1
208,4,272.225,174.951,48.8301,130.17,1,-1,-1,-1
208,95,195.307,212.203,32.5907,74.9523,1,-1,-1,-1
208,96,95.7804,164.55,55.5702,126.932,1,-1,-1,-1
208,97,32.4036,149.129,56.1875,179.397,1,-1,-1,-1
209,1,318.45,178.529,61.0438,127.793,1,-1,-1,-1
209,4,274.32,180.966,46.6405,129.254,1,-1,-1,-1
209,95,195.017,215.332,32.7899,73.4716,1,-1,-1,-1
209,96,88.767,163.55,60.8241,139.863,1,-1,-1,-1
209,97,20.8284,142.722,61.5516,191.965,1,-1,-1,-1
210,1,315.574,177.179,66.1574,138.523,1,-1,-1,-1
210,4,275.988,184.984,46.4046,131.906,1,-1,-1,-1
210,95,194.841,217.791,32.4659,72.6311,1,-1,-1,-1
210,96,84.2938,161.068,63.4354,151.056,1,-1,-1,-1
210,97,20.2732,141.426,60.7605,189.081,1,-1,-1,-1
211,1,317.423,179.731,60.6685,136.517,1,-1,-1,-1
211,4,274.089,180.81,48.1638,137.515,1,-1,-1,-1
211,95,189.796,215.754,33.055,73.2721,1,-1,-1,-1
211,96,77.7681,155.337,71.4096,161.054,1,-1,-1,-1
211,97,16.0333,136.352,57.8367,170.009,1,-1,-1,-1
212,1,320.499,186.898,58.4465,129.264,1,-1,-1,-1
212,4,276.995,179.568,49.1243,134.199,1,-1,-1,-1
212,95,187.951,214.173,32.2754,71.6992,1,-1,-1,-1
212,96,68.5891,161.809,70.9134,174.89,1,-1,-1,-1
212,97,11.3677,128.238,57.3059,157.51,1,-1,-1,-1
213,1,327.363,187.649,54.0621,125.553,1,-1,-1,-1
213,4,280.264,178.289,49.0801,133.054,1,-1,-1,-1
213,95,186.948,210.738,34.364,74.6606,1,-1,-1,-1
213,96,69.7819,148.34,66.6951,178.603,1,-1,-1,-1
213,97,5.62502,125.514,55.4711,151.644,1,-1,-1,-1
213,100,158.621,205.835,23.9651,75.4574,1,-1,-1,-1
213,102,221.49,207.104,26.2508,77.6683,1,-1,-1,-1
214,1,324.834,187.487,53.0615,123.724,1,-1,-1,-1
214,4,283.031,177.572,48.5291,134.219,1,-1,-1,-1
214,95,184.823,208.542,32.7596,71.9512,1,-1,-1,-1
214,96,57.0705,129.307,74.5438,177.567,1,-1,-1,-1
214,97,6.3815,121.847,55.7554,144.969,1,-1,-1,-1
214,100,157.674,202.973,24.9098,77.7817,1,-1,-1,-1
214,102,219.824,210.862,27.5787,76.7873,1,-1,-1,-1
215,1,325.868,183.793,49.8679,121.784,1,-1,-1,-1
215,4,279.948,172.024,49.985,143.405,1,-1,-1,-1
215,95,183.338,208.185,32.6663,74.0881,1,-1,-1,-1
215,96,44.5755,118.991,82.1734,190.776,1,-1,-1,-1
215,97,5.73653,118.83,55.8079,145.483,1,-1,-1,-1
215,100,157.273,205.421,25.8941,77.0671,1,-1,-1,-1
215,102,220.109,211.335,29.3804,75.863,1,-1,-1,-1
216,1,331.883,183.418,49.8263,125.088,1,-1,-1,-1
216,4,281.259,170.381,51.5774,149.533,1,-1,-1,-1
216,95,181.006,202.96,36.5901,81.939,1,-1,-1,-1
216,96,24.8598,111.943,98.9618,234.701,1,-1,-1,-1
216,97,2.48558,116.321,49.0132,131.5,1,-1,-1,-1
216,100,154.64,206.165,28.732,79.0128,1,-1,-1,-1
216,102,220.706,214.525,29.2645,74.2964,1,-1,-1,-1
216,104,536.594,165.225,55.3456,128.121,1,-1,-1,-1
217,1,332.637,183.088,48.8546,129.471,1,-1,-1,-1
217,4,282.229,168.788,53.7091,152.585,1,-1,-1,-1
217,95,180.443,205.299,35.7635,83.1937,1,-1,-1,-1
217,96,14.1092,107.009,104.954,215.944,1,-1,-1,-1
217,100,152.05,206.17,32.1902,82.7459,1,-1,-1,-1
217,102,220.566,216.614,28.455,72.3165,1,-1,-1,-1
217,104,542.654,165.255,61.6181,131.832,1,-1,-1,-1
218,1,333.408,184.81,49.2079,131.327,1,-1,-1,-1
218,4,284.919,171.499,54.7235,154.262,1,-1,-1,-1
218,95,181.921,211.76,33.6913,80.2574,1,-1,-1,-1
218,96,0.762825,112.586,109.001,250.507,1,-1,-1,-1
218,100,150.876,205.553,33.1321,84.8363,1,-1,-1,-1
218,102,221.105,215.101,31.7744,79.0604,1,-1,-1,-1
218,104,550.747,164.786,61.7845,137.344,1,-1,-1,-1
219,1,336.082,184.696,52.0792,130.491,1,-1,-1,-1
219,4,286.931,175.241,51.4264,149.717,1,-1,-1,-1
219,95,189.787,208.081,30.9032,77.838,1,-1,-1,-1
219,96,0,109.145,110.715,279.06,1,-1,-1,-1
219,100,151.735,204.44,32.2098,85.5825,1,-1,-1,-1
219,102,224.255,213.313,32.6477,78.2864,1,-1,-1,-1
219,104,554.378,159.429,68.62,139.187,1,-1,-1,-1
220,1,338.273,187.998,47.6934,129.493,1,-1,-1,-1
220,4,286.886,177.608,48.3795,143.871,1,-1,-1,-1
220,95,188.586,207.37,29.6123,78.2589,1,-1,-1,-1
220,96,0,116.218,103.461,294.917,1,-1,-1,-1
220,97,8.85656,98.469,57.8779,131.764,1,-1,-1,-1
220,100,154.567,205.904,30.7809,79.4976,1,-1,-1,-1
220,102,225.519,214.944,31.7033,77.2322,1,-1,-1,-1
220,104,558.002,156.732,69.3054,141.836,1,-1,-1,-1
221,1,338.209,185.556,47.2014,132.157,1,-1,-1,-1
221,4,282.303,178.946,49.6149,146.422,1,-1,-1,-1
221,95,185.59,202.846,30.924,83.7893,1,-1,-1,-1
221,100,152.682,205.422,30.96,79.0081,1,-1,-1,-1
221,102,223.886,219.712,29.3662,74.9174,1,-1,-1,-1
221,104,567.203,156.008,62.1898,134.464,1,-1,-1,-1
222,1,334.399,179.483,47.927,138.708,1,-1,-1,-1
222,4,283.683,175.518,51.6571,146.55,1,-1,-1,-1
222,95,183.891,203.038,30.7606,86.081,1,-1,-1,-1
222,100,148.005,202.085,33.5513,82.8369,1,-1,-1,-1
222,102,223.466,217.125,28.2722,72.2583,1,-1,-1,-1
222,104,572.356,158.614,59.5784,131.476,1,-1,-1,-1
223,1,341.167,177.332,44.0679,138.314,1,-1,-1,-1
223,4,283.911,166.49,54.7487,135.884,1,-1,-1,-1
223,95,182.288,200.06,34.5045,91.2221,1,-1,-1,-1
223,100,146.177,205.288,31.8838,81.9458,1,-1,-1,-1
223,102,222.369,212.944,29.7823,79.0458,1,-1,-1,-1
223,104,578.133,158.951,56.5257,128.231,1,-1,-1,-1
223,107,4.57045,190.499,39.5749,120.975,1,-1,-1,-1
224,1,340.65,175.912,48.4151,137.36,1,-1,-1,-1
224,4,286.163,168.979,53.499,133.051,1,-1,-1,-1
224,95,181.01,197.544,34.5358,95.6791,1,-1,-1,-1
224,100,143.146,207.15,32.044,85.6354,1,-1,-1,-1
224,102,218.777,209.86,35.8102,90.3161,1,-1,-1,-1
224,104,581.983,161.414,54.9995,127.591,1,-1,-1,-1
225,1,338.536,174.911,50.4763,141.912,1,-1,-1,-1
225,4,287.514,172.8,49.4207,131.19,1,-1,-1,-1
225,95,184.268,197.062,35.0666,99.2431,1,-1,-1,-1
225,100,138.26,205.081,32.3814,85.7818,1,-1,-1,-1
225,102,211.154,208.228,37.9823,92.256,1,-1,-1,-1
225,104,583.182,159.802,55.4049,131.001,1,-1,-1,-1
226,1,337.021,177.268,49.715,138.459,1,-1,-1,-1
226,4,286.728,174.328,52.5043,135.627,1,-1,-1,-1
226,100,134.331,200.157,35.5081,94.7651,1,-1,-1,-1
226,102,206.91,207.213,39.5375,92.4917,1,-1,-1,-1
226,104,588.204,162.118,52.9568,133.571,1,-1,-1,-1
227,1,337.701,176.065,49.882,139.045,1,-1,-1,-1
227,4,282.303,171.324,58.2435,132.002,1,-1,-1,-1
227,100,130.527,203.418,35.2959,96.1717,1,-1,-1,-1
227,102,205.375,209.281,38.7034,91.8891,1,-1,-1,-1
227,104,591.74,162.732,48.5933,128.21,1,-1,-1,-1
228,1,337.677,182.719,49.3829,133.145,1,-1,-1,-1
228,4,283.824,173.541,54.076,129.442,1,-1,-1,-1
228,100,126.328,196.327,35.8759,103.62,1,-1,-1,-1
228,102,203.483,209.832,37.0528,92.5235,1,-1,-1,-1
228,104,598.936,165.459,42.2055,118.373,1,-1,-1,-1
229,1,339.352,182.246,47.6579,128.464,1,-1,-1,-1
229,4,283.979,174.781,51.1364,128.333,1,-1,-1,-1
229,95,166.533,194.432,39.7547,108.31,1,-1,-1,-1
229,100,123.653,196.206,36.4443,105.033,1,-1,-1,-1
229,102,199.361,209.518,35.4071,92.2388,1,-1,-1,-1
230,1,339.735,185.246,43.9632,123.549,1,-1,-1,-1
230,4,289.607,178.809,49.5292,125.545,1,-1,-1,-1
230,95,161.224,193.76,35.9099,103.924,1,-1,-1,-1
230,100,119.324,197.885,36.4079,104.328,1,-1,-1,-1
230,102,198.307,207.177,35.5803,94.0862,1,-1,-1,-1
231,1,339.837,179.757,44.3823,126.225,1,-1,-1,-1
231,4,290.303,174.685,51.4221,133.67,1,-1,-1,-1
231,95,157.45,193.839,34.8998,102.761,1,-1,-1,-1
231,100,116.949,194.529,37.2082,106.408,1,-1,-1,-1
231,102,192.727,203.416,36.1169,97.6005,1,-1,-1,-1
231,110,58.6568,232.077,18.0812,35.6186,1,-1,-1,-1
231,111,234.332,199.737,26.9881,100.986,1,-1,-1,-1
232,1,340.056,178.119,42.869,130.112,1,-1,-1,-1
232,4,294.827,178.055,49.5366,132.712,1,-1,-1,-1
232,95,153.201,192.673,34.8624,107.835,1,-1,-1,-1
232,100,110.23,190.471,39.5144,114.882,1,-1,-1,-1
232,102,193.294,205.847,34.7558,95.8342,1,-1,-1,-1
232,111,233.044,212.511,26.3979,92.4913,1,-1,-1,-1
233,1,338.943,176.146,44.3537,136.856,1,-1,-1,-1
233,4,294.209,176.87,50.4505,138.711,1,-1,-1,-1
233,100,106.502,191.14,39.1712,113.378,1,-1,-1,-1
233,102,185.699,203.296,37.0666,101.593,1,-1,-1,-1
233,111,231.699,218.39,26.9357,90.884,1,-1,-1,-1
234,1,338.122,174.603,48.8185,148.044,1,-1,-1,-1
234,4,292.709,172.327,51.8373,145.66,1,-1,-1,-1
234,100,107.288,189.082,35.0417,103.892,1,-1,-1,-1
234,102,181.661,200.329,38.6488,106.602,1,-1,-1,-1
234,111,229.352,213.147,30.4691,100.456,1,-1,-1,-1
235,1,339.933,178.257,48.2907,145.287,1,-1,-1,-1
235,4,292.313,175.654,49.9661,145.736,1,-1,-1,-1
235,100,99.8885,185.571,37.1576,107.861,1,-1,-1,-1
235,102,179.876,199.76,40.8938,113.622,1,-1,-1,-1
235,111,232.35,213.609,30.5307,102.567,1,-1,-1,-1
236,1,340.749,181.91,45.1464,143.593,1,-1,-1,-1
236,4,292.372,174.427,50.274,149.116,1,-1,-1,-1
236,100,91.6291,184.541,43.6937,118.218,1,-1,-1,-1
236,102,178.957,201.079,41.0952,113.841,1,-1,-1,-1
236,111,230.885,214.194,32.8435,102.065,1,-1,-1,-1
236,113,47.6091,217.892,27.1315,59.4927,1,-1,-1,-1
237,1,340.701,183.143,43.0238,142.15,1,-1,-1,-1
237,4,293.838,176.021,49.3397,149.606,1,-1,-1,-1
237,100,85.4945,186.913,44.4338,122.237,1,-1,-1,-1
237,102,178.168,204.317,40.2609,112.848,1,-1,-1,-1
237,111,228.374,215.671,34.0976,100.643,1,-1,-1,-1
238,1,340.578,182.473,39.2366,135.135,1,-1,-1,-1
238,4,288.609,174.408,51.5437,145.873,1,-1,-1,-1
238,100,81.0615,189.593,47.7235,126.351,1,-1,-1,-1
238,102,174.01,204.319,40.3932,115.69,1,-1,-1,-1
238,111,224.754,202.855,38.3287,114.716,1,-1,-1,-1
238,115,140.515,197.022,34.0209,113.35,1,-1,-1,-1
239,1,340.521,181.752,37.7654,128.861,1,-1,-1,-1
239,4,285.271,170.499,52.3969,136.757,1,-1,-1,-1
239,100,72.0499,183.807,51.9348,134.506,1,-1,-1,-1
239,102,171.892,199.709,41.1261,120.58,1,-1,-1,-1
239,111,223.988,197.27,37.8667,118.342,1,-1,-1,-1
239,115,136.359,198.013,34.675,112.43,1,-1,-1,-1
240,1,340.98,178.652,37.4287,126.749,1,-1,-1,-1
240,4,285.376,165.155,54.1699,136.172,1,-1,-1,-1
240,100,65.5274,177.498,57.777,143.929,1,-1,-1,-1
240,102,167.412,192.618,43.3543,128.788,1,-1,-1,-1
240,111,224.029,198.725,37.7997,115.799,1,-1,-1,-1
240,115,131.219,194.618,37.6297,121.944,1,-1,-1,-1
241,1,338.693,181.882,39.6035,131.017,1,-1,-1,-1
241,4,282.968,170.667,54.395,135.345,1,-1,-1,-1
241,100,61.3742,176.451,58.3079,141.402,1,-1,-1,-1
241,102,162.294,190.352,41.789,131.26,1,-1,-1,-1
241,111,223.414,197.657,38.3878,119.264,1,-1,-1,-1
241,115,126.155,186.752,39.3236,127.986,1,-1,-1,-1
242,1,341.212,182.914,40.8485,133.18,1,-1,-1,-1
242,4,281.718,175.53,52.7787,132.092,1,-1,-1,-1
242,100,57.9268,179.618,52.7414,136.338,1,-1,-1,-1
242,102,161.721,189.044,40.5798,128.258,1,-1,-1,-1
242,111,219.529,203.9,37.9165,114.397,1,-1,-1,-1
242,115,121.498,184.446,40.5827,130.856,1,-1,-1,-1
243,1,342.958,178.973,42.9932,134.744,1,-1,-1,-1
243,4,281.779,179.671,53.6824,138.533,1,-1,-1,-1
243,100,51.3276,181.588,49.1127,132.597,1,-1,-1,-1
243,102,159.798,186.588,39.9968,127.074,1,-1,-1,-1
243,111,217.432,201.641,39.6717,119.928,1,-1,-1,-1
243,115,120.745,181.149,42.9214,134.631,1,-1,-1,-1
244,1,334.831,181.506,46.6619,147.837,1,-1,-1,-1
244,4,284.015,181.122,54.3357,141.473,1,-1,-1,-1
244,100,41.91,183.306,56.3418,142.116,1,-1,-1,-1
244,102,153.392,191.486,43.9165,139.582,1,-1,-1,-1
244,111,216.655,207.709,38.4438,113.453,1,-1,-1,-1
244,115,114.565,183.263,46.4484,146.81,1,-1,-1,-1
245,1,331.063,181.779,48.5642,153.031,1,-1,-1,-1
245,4,283.775,182.706,52.6162,138.243,1,-1,-1,-1
245,100,29.8484,185.231,51.7188,134.504,1,-1,-1,-1
245,102,140.083,188.407,49.5865,146.615,1,-1,-1,-1
245,111,214.91,204.367,37.5223,115.901,1,-1,-1,-1
245,115,108.152,185.499,47.579,151.742,1,-1,-1,-1
245,116,419.058,187.605,38.4266,138.529,1,-1,-1,-1
246,1,329.683,185.476,48.5705,149.136,1,-1,-1,-1
246,4,288.839,183.95,51.5081,135.496,1,-1,-1,-1
246,100,17.3892,181.608,49.1235,128.714,1,-1,-1,-1
246,102,133.341,184.644,55.9904,158.815,1,-1,-1,-1
246,111,212.334,202.709,36.6315,118.954,1,-1,-1,-1
246,115,102.534,178.13,47.4071,151.799,1,-1,-1,-1
246,116,419.118,185.132,37.6844,137.229,1,-1,-1,-1
247,1,331.445,182.77,46.4369,148.007,1,-1,-1,-1
247,4,291.414,182.388,48.6812,134.957,1,-1,-1,-1
247,100,5.15988,184.18,50.3292,131.83,1,-1,-1,-1
247,102,132.853,190.2,52.6455,157.016,1,-1,-1,-1
247,111,207.463,195.451,41.3594,134.011,1,-1,-1,-1
247,115,95.8663,169.223,55.1588,171.916,1,-1,-1,-1
247,116,422.211,186.764,37.9216,128.714,1,-1,-1,-1
248,1,334.649,180.321,41.0976,135.275,1,-1,-1,-1
248,4,291.011,176.217,49.8236,138.977,1,-1,-1,-1
248,100,2.35375,190.18,49.636,133.02,1,-1,-1,-1
248,102,135.672,195.294,48.7828,151.48,1,-1,-1,-1
248,111,202.02,184.912,47.9508,152.721,1,-1,-1,-1
248,115,91.2775,161.343,62.0891,176.808,1,-1,-1,-1
248,116,419.055,171.117,45.5103,148.204,1,-1,-1,-1
249,1,334.947,181.154,39.4804,131.065,1,-1,-1,-1
249,4,289.754,176.637,48.7658,138.977,1,-1,-1,-1
249,100,7.45436,189.924,47.9586,131.072,1,-1,-1,-1
249,111,201.082,181.485,47.7921,156.608,1,-1,-1,-1
249,115,82.7954,158.705,64.6834,180.684,1,-1,-1,-1
249,116,422.714,171.935,44.1308,146.317,1,-1,-1,-1
250,1,337.066,181.251,38.8961,132.866,1,-1,-1,-1
250,4,285.647,171.944,54.2107,150.467,1,-1,-1,-1
250,100,9.92534,185.649,44.2118,126.471,1,-1,-1,-1
250,111,199.903,195.653,44.6363,142.157,1,-1,-1,-1
250,115,73.1649,152.536,79.747,199.108,1,-1,-1,-1
250,116,427.387,182.284,39.7589,130.649,1,-1,-1,-1
251,1,337.7,183.631,39.1257,131.625,1,-1,-1,-1
251,4,284.127,170.561,56.4324,150.049,1,-1,-1,-1
251,100,8.71558,185.089,36.3891,106.227,1,-1,-1,-1
251,111,193.914,187.18,47.0217,154.644,1,-1,-1,-1
251,115,63.2898,146.825,88.304,213.564,1,-1,-1,-1
251,116,431.689,188.562,36.471,120.383,1,-1,-1,-1
251,119,116.797,164.617,42.8325,103.604,1,-1,-1,-1
252,1,340.046,184.605,39.2716,135.7,1,-1,-1,-1
252,4,282.815,177.973,55.0474,147.545,1,-1,-1,-1
252,111,188.193,178.138,51.7136,174.745,1,-1,-1,-1
252,115,69.561,151.178,88.1667,211.212,1,-1,-1,-1
252,116,433.834,194.147,33.9943,113.065,1,-1,-1,-1
252,119,104.71,158.269,44.4582,98.8967,1,-1,-1,-1
253,1,339.098,182.425,39.712,140.079,1,-1,-1,-1
253,4,283.608,181.756,53.6441,144.45,1,-1,-1,-1
253,111,187.908,171.475,52.5231,173.531,1,-1,-1,-1
253,115,46.5096,143.852,94.068,220.267,1,-1,-1,-1
253,119,96.7881,150.214,47.9923,105.454,1,-1,-1,-1
254,1,336.957,182.974,40.4217,137.29,1,-1,-1,-1
254,4,284.158,183.337,51.5604,143.941,1,-1,-1,-1
254,111,186.193,168.915,53.5871,173.208,1,-1,-1,-1
254,115,36.3359,133.695,101.999,235.397,1,-1,-1,-1
254,119,88.4884,148.667,50.1405,109.099,1,-1,-1,-1
255,1,335.23,182.683,39.9193,136.304,1,-1,-1,-1
255,4,282.875,180.38,53.4647,144.693,1,-1,-1,-1
255,111,180.296,159.904,59.8029,184.246,1,-1,-1,-1
255,115,17.2911,127.951,104.519,244.629,1,-1,-1,-1
255,119,71.1777,144.459,63.1236,125.987,1,-1,-1,-1
256,1,333.778,186.839,39.6366,133.597,1,-1,-1,-1
256,4,282.313,178.763,51.2792,145.976,1,-1,-1,-1
256,111,180.812,159.848,58.6256,178.508,1,-1,-1,-1
256,115,9.02662,132.822,101.859,240.02,1,-1,-1,-1
256,119,59.7706,143.633,72.834,141.236,1,-1,-1,-1
256,120,3.10656,127.561,46.5255,65.6559,1,-1,-1,-1
257,1,332.776,178.605,41.2981,136.998,1,-1,-1,-1
257,4,282.452,171.747,55.1167,151.299,1,-1,-1,-1
257,111,178.018,162.265,53.319,175.046,1,-1,-1,-1
257,115,0,142.377,82.3374,214.512,1,-1,-1,-1
257,119,52.2761,141.942,72.5449,147.225,1,-1,-1,-1
257,120,0,123.65,45.6613,67.4545,1,-1,-1,-1
258,1,332.727,176.895,40.9489,137.01,1,-1,-1,-1
258,4,283.301,172.619,55.9139,152.181,1,-1,-1,-1
258,111,175.111,167.063,51.016,171.456,1,-1,-1,-1
258,115,0,150.729,68.438,186.5,1,-1,-1,-1
258,119,47.2201,140.641,68.5772,140.218,1,-1,-1,-1
259,1,330.242,176.297,43.4195,136.485,1,-1,-1,-1
259,4,283.97,176.722,53.3546,149.71,1,-1,-1,-1
259,111,168.765,165.247,58.1149,178.09,1,-1,-1,-1
259,119,39.9437,139.133,71.7382,138.454,1,-1,-1,-1
260,1,329.375,179.738,43.314,137.587,1,-1,-1,-1
260,4,283.866,182.854,52.3521,146.385,1,-1,-1,-1
260,111,164.656,165.508,57.9676,180.843,1,-1,-1,-1
260,119,35.9544,141.975,65.2957,128.527,1,-1,-1,-1
261,1,331.389,183.362,42.2931,139.464,1,-1,-1,-1
261,4,281.886,185.411,50.7695,147.606,1,-1,-1,-1
261,111,160.28,164.265,60.2026,190.805,1,-1,-1,-1
262,1,328.734,189.356,41.8247,136.052,1,-1,-1,-1
262,4,276.814,187.384,51.9511,151.816,1,-1,-1,-1
262,111,159.429,165.666,62.2025,202.636,1,-1,-1,-1
262,121,4.64734,138.491,90.0115,245.301,1,-1,-1,-1
263,1,328.175,191.715,40.4701,133.032,1,-1,-1,-1
263,4,274.932,189.381,49.8445,148.551,1,-1,-1,-1
263,111,155.787,160.97,65.3701,215.193,1,-1,-1,-1
263,121,1.68469,122.136,86.727,208.969,1,-1,-1,-1
264,1,327.676,193.219,39.4325,130.577,1,-1,-1,-1
264,4,270.792,181.554,52.1883,155.332,1,-1,-1,-1
264,111,150.989,158.949,66.9078,217.048,1,-1,-1,-1
264,121,2.12375,128.742,82.3792,166.247,1,-1,-1,-1
265,1,327.463,190.034,40.1763,129.144,1,-1,-1,-1
265,4,267.195,182.284,53.8309,151.042,1,-1,-1,-1
265,111,146.83,145.66,74.8909,234.591,1,-1,-1,-1
265,121,3.51454,132.329,76.5345,145.709,1,-1,-1,-1
266,1,327.125,188.138,42.406,135.677,1,-1,-1,-1
266,4,267.622,179,55.0906,152.458,1,-1,-1,-1
266,111,143.892,148.298,77.9966,238.013,1,-1,-1,-1
266,121,2.70344,132.651,76.5003,149.273,1,-1,-1,-1
267,1,326.949,186.204,42.0231,136.187,1,-1,-1,-1
267,4,266.918,173.567,54.6326,150.379,1,-1,-1,-1
267,111,137.686,143.877,82.8843,249.321,1,-1,-1,-1
267,121,0,137.876,70.0943,147.57,1,-1,-1,-1
268,1,328.185,190.216,40.8931,135.482,1,-1,-1,-1
268,4,265.307,174.144,56.523,150.271,1,-1,-1,-1
268,111,135.478,138.059,85.3944,254.773,1,-1,-1,-1
269,1,324.229,191.464,40.7571,134.586,1,-1,-1,-1
269,4,266.398,172.683,59.5366,156.359,1,-1,-1,-1
269,111,130.167,128.738,86.4499,264.261,1,-1,-1,-1
270,1,322.378,185.076,43.8116,143.112,1,-1,-1,-1
270,4,267.364,172.888,56.8638,152.932,1,-1,-1,-1
270,111,123.452,124.055,93.5783,276.333,1,-1,-1,-1
271,1,321.697,184.07,45.8274,142.769,1,-1,-1,-1
271,4,268.139,172.835,58.1505,153.439,1,-1,-1,-1
271,111,116.777,112.323,98.4031,293.34,1,-1,-1,-1
272,1,324.452,183.684,41.8517,131.638,1,-1,-1,-1
272,4,267.419,171.667,55.4514,148.917,1,-1,-1,-1
272,111,112.143,115.252,97.6658,292.602,1,-1,-1,-1
273,1,323.079,180.483,41.7444,132.086,1,-1,-1,-1
273,4,267.297,172.617,57.7992,149.867,1,-1,-1,-1
273,111,107.588,109.431,101.104,303.183,1,-1,-1,-1
274,1,319.996,177.485,46.9545,139.119,1,-1,-1,-1
274,4,265.54,172.569,55.1008,148.551,1,-1,-1,-1
274,111,99.2859,104.878,101.439,312.726,1,-1,-1,-1
275,1,320.691,174.162,50.2724,135.956,1,-1,-1,-1
275,4,263.819,170.305,53.4902,148.603,1,-1,-1,-1
275,111,88.6154,100.809,106.517,322.47,1,-1,-1,-1
276,1,319.811,175.458,57.4914,138.932,1,-1,-1,-1
276,4,261.931,168.552,53.3267,150.925,1,-1,-1,-1
276,111,67.9659,83.5228,126.41,359.019,1,-1,-1,-1
277,1,317.338,177.14,56.7454,142.071,1,-1,-1,-1
277,4,260.886,172.343,53.0548,151.579,1,-1,-1,-1
277,111,55.5659,78.5605,128.954,373.652,1,-1,-1,-1
278,1,315.966,179.913,55.3247,142.712,1,-1,-1,-1
278,4,261.321,175.028,52.0404,152.913,1,-1,-1,-1
278,111,38.7024,68.2003,133.845,392.571,1,-1,-1,-1
279,1,318.946,181.725,50.2601,138.629,1,-1,-1,-1
279,4,264.617,178.466,51.0207,153.007,1,-1,-1,-1
279,111,23.0446,56.8502,143.751,412.147,1,-1,-1,-1
280,1,321.249,187.318,47.1971,139.387,1,-1,-1,-1
280,4,265.358,171.391,51.334,154.518,1,-1,-1,-1
280,111,7.96513,42.6183,151.777,423.661,1,-1,-1,-1
281,1,321.275,181.385,45.813,145.013,1,-1,-1,-1
281,4,266.847,166.052,54.5821,155.266,1,-1,-1,-1
281,111,0.855515,40.8588,162.77,438.863,1,-1,-1,-1
282,1,325.425,179.862,43.5431,139.37,1,-1,-1,-1
282,4,266.166,169.144,53.5635,151.201,1,-1,-1,-1
282,111,0,25.1919,167.445,456.38,1,-1,-1,-1
283,1,325.558,181.672,43.1142,138.437,1,-1,-1,-1
283,4,266.074,170.813,54.0218,150.173,1,-1,-1,-1
283,111,0,57.2797,155.752,420.291,1,-1,-1,-1
284,1,326.072,179.57,44.8189,144.214,1,-1,-1,-1
284,4,265.746,171.968,58.1749,154.632,1,-1,-1,-1
284,111,0,73.6921,140.805,398.853,1,-1,-1,-1
285,1,326.482,183.017,48.5643,145.487,1,-1,-1,-1
285,4,263.002,175.114,62.0633,153.861,1,-1,-1,-1
285,111,0,79.0995,135.051,387.437,1,-1,-1,-1
285,124,195.28,226.6,23.6136,43.9802,1,-1,-1,-1
286,1,327.405,183.208,51.4572,147.221,1,-1,-1,-1
286,4,261.928,179.308,61.8177,151.881,1,-1,-1,-1
286,111,0,72.2002,137.796,395.002,1,-1,-1,-1
286,124,188.231,223.29,26.6195,51.2447,1,-1,-1,-1
286,125,174.219,226.833,23.6912,55.6615,1,-1,-1,-1
287,1,329.042,187.483,48.8083,143.136,1,-1,-1,-1
287,4,263.911,184.371,60.4405,150.167,1,-1,-1,-1
287,111,0,75.3055,127.917,365.228,1,-1,-1,-1
287,124,190.301,224.006,27.5951,52.9324,1,-1,-1,-1
287,125,174.908,226.331,26.0657,59.1991,1,-1,-1,-1
288,1,332.934,188.543,46.28,140.237,1,-1,-1,-1
288,4,266.605,178.656,62.5532,157.109,1,-1,-1,-1
288,111,1.87687,95.9727,115.214,325.06,1,-1,-1,-1
288,125,176.522,223.924,26.2934,59.9303,1,-1,-1,-1
289,1,338.497,187.1,45.2669,137.318,1,-1,-1,-1
289,4,273.084,177.586,62.2458,157.069,1,-1,-1,-1
290,1,340.79,182.68,52.1173,145.727,1,-1,-1,-1
290,4,277.954,172.832,62.1026,159.584,1,-1,-1,-1
291,1,347.712,175.95,60.8121,143.026,1,-1,-1,-1
291,4,284.147,171.401,57.2521,153.821,1,-1,-1,-1
291,124,197.497,218.382,23.4099,56.4855,1,-1,-1,-1
292,1,350.573,171.654,65.3048,143.367,1,-1,-1,-1
292,4,289.301,175.952,53.116,148.665,1,-1,-1,-1
292,124,199.117,217.969,24.9814,59.5025,1,-1,-1,-1
292,127,96.7463,219.208,23.7638,56.466,1,-1,-1,-1
293,1,350.373,172.957,69.5642,143.742,1,-1,-1,-1
293,4,292.807,178.461,50.4639,144.016,1,-1,-1,-1
293,124,199.285,217.565,26.0979,58.7732,1,-1,-1,-1
293,127,97.167,212.753,28.4364,66.2536,1,-1,-1,-1
294,1,351.495,178.201,68.4769,138.691,1,-1,-1,-1
294,4,294.624,165.3,55.5622,157.822,1,-1,-1,-1
294,124,201.561,217.841,26.6334,61.3103,1,-1,-1,-1
294,127,96.1483,210.375,27.2952,64.9319,1,-1,-1,-1
294,129,143.314,221.756,21.1102,45.7332,1,-1,-1,-1
295,1,352.108,184.41,66.0018,138.907,1,-1,-1,-1
295,4,294.222,166.089,56.2626,160.269,1,-1,-1,-1
295,124,200.402,216.982,27.7736,62.8342,1,-1,-1,-1
295,127,97.611,215.037,25.3483,60.6209,1,-1,-1,-1
295,129,142.911,216.865,25.0311,52.6284,1,-1,-1,-1
296,1,357.586,186.552,62.2259,140.848,1,-1,-1,-1
296,4,297.779,167.188,56.7946,161.635,1,-1,-1,-1
296,124,202.899,220.108,25.2793,60.7061,1,-1,-1,-1
296,127,102.56,218.612,24.4516,61.0046,1,-1,-1,-1
296,129,143.645,217.644,26.904,55.6153,1,-1,-1,-1
297,1,363.455,186.142,56.2028,138.604,1,-1,-1,-1
297,4,306.085,171.082,53.4529,151.244,1,-1,-1,-1
297,127,105.829,217.639,24.4128,59.8016,1,-1,-1,-1
297,129,149.453,216.591,24.9466,55.0507,1,-1,-1,-1
298,1,370.131,180.718,54.8897,143.297,1,-1,-1,-1
298,4,312.651,167.033,52.2918,151.714,1,-1,-1,-1
298,127,113.288,217.22,25.5138,63.7655,1,-1,-1,-1
298,129,153.321,218.957,22.7418,52.1735,1,-1,-1,-1
298,131,213.943,212.649,27.8607,67.0595,1,-1,-1,-1
299,1,376.87,178.313,53.1009,144.318,1,-1,-1,-1
299,4,317.794,174.79,51.1297,145.821,1,-1,-1,-1
299,127,115.274,219.794,25.796,63.7909,1,-1,-1,-1
299,129,151.393,217.63,23.5457,55.8142,1,-1,-1,-1
299,131,217.314,213.96,29.3886,70.0874,1,-1,-1,-1
300,1,378.86,175.9,53.6617,141.567,1,-1,-1,-1
300,4,322.062,177.473,50.4089,141.198,1,-1,-1,-1
300,127,118.572,215.859,24.5826,64.2285,1,-1,-1,-1
300,129,152.085,213.386,25.1486,56.9044,1,-1,-1,-1
300,131,217.652,205.624,31.3589,74.144,1,-1,-1,-1
301,1,383.774,180.722,50.7608,139.904,1,-1,-1,-1
301,4,326.582,174.546,52.1271,147.764,1,-1,-1,-1
301,127,123.202,216.414,24.183,64.8157,1,-1,-1,-1
301,129,153.837,219.943,25.9678,50.3817,1,-1,-1,-1
301,131,219.081,205.525,31.6662,74.1321,1,-1,-1,-1
301,133,244.956,215.843,24.7094,52.5214,1,-1,-1,-1
302,1,384.069,176.478,52.9917,140.883,1,-1,-1,-1
302,4,323.468,171.933,54.877,150.408,1,-1,-1,-1
302,129,154.736,220.769,24.2123,50.7712,1,-1,-1,-1
302,131,221.722,207.842,31.0794,71.74,1,-1,-1,-1
302,133,244.666,217.512,25.2926,51.6919,1,-1,-1,-1
303,1,386.9,179.292,51.2862,139.272,1,-1,-1,-1
303,4,327.02,170.063,54.0958,150.084,1,-1,-1,-1
303,131,229.181,208.949,28.4914,69.8918,1,-1,-1,-1
303,134,212.592,204.267,26.976,77.6801,1,-1,-1,-1
303,136,137.511,206.173,33.5462,70.6464,1,-1,-1,-1
304,1,392.94,185.178,50.6778,138.357,1,-1,-1,-1
304,4,332.675,177.845,51.0774,144.574,1,-1,-1,-1
304,131,226.162,206.475,30.2067,71.677,1,-1,-1,-1
304,134,209.998,205.456,26.9123,77.9204,1,-1,-1,-1
304,136,143.842,211.358,30.2663,66.6535,1,-1,-1,-1
304,137,572.975,175.828,51.4733,160.087,1,-1,-1,-1
305,1,395.376,179.838,53.0445,142.501,1,-1,-1,-1
305,4,336.821,181.199,50.1931,142.013,1,-1,-1,-1
305,131,229.493,207.644,30.5983,71.05,1,-1,-1,-1
305,134,213.894,204.852,28.6427,82.4233,1,-1,-1,-1
305,136,151.445,212.83,27.9703,64.2926,1,-1,-1,-1
305,137,576.872,177.949,45.7045,145.67,1,-1,-1,-1
305,138,256.38,217.841,21.4815,54.2797,1,-1,-1,-1
306,1,401.586,181.248,52.5256,136.063,1,-1,-1,-1
306,4,343.535,177.781,54.3562,142.567,1,-1,-1,-1
306,134,218.552,206.915,29.5043,84.3702,1,-1,-1,-1
306,136,155.772,212.686,27.9335,66.0443,1,-1,-1,-1
307,1,408.09,178.153,53.5161,141.2,1,-1,-1,-1
307,4,350.643,178.398,50.1619,135.622,1,-1,-1,-1
307,134,218.862,203.239,31.6908,88.1607,1,-1,-1,-1
307,136,156.986,213.497,27.4363,66.5268,1,-1,-1,-1
308,1,412.883,174.227,57.4968,144.843,1,-1,-1,-1
308,4,360.422,171.323,50.6282,145.714,1,-1,-1,-1
308,133,246.628,213.18,28.4165,71.1558,1,-1,-1,-1
308,134,218.809,203.957,32.7005,86.337,1,-1,-1,-1
308,136,159.963,215.178,26.4989,64.6516,1,-1,-1,-1
309,1,421.58,177.667,54.8452,145.347,1,-1,-1,-1
309,4,364.025,173.861,52.3226,146.416,1,-1,-1,-1
309,133,246.893,210.649,29.852,76.1435,1,-1,-1,-1
309,134,219.027,205.806,31.1254,80.2745,1,-1,-1,-1
309,136,162.378,216.942,25.2699,64.0089,1,-1,-1,-1
310,1,427.075,180.378,54.1338,146.187,1,-1,-1,-1
310,4,364.814,173.807,53.5162,146.465,1,-1,-1,-1
310,133,246.582,207.214,32.6512,83.3053,1,-1,-1,-1
310,134,217.35,210.1,29.7645,75.8676,1,-1,-1,-1
310,136,163.867,218.753,24.1466,61.9816,1,-1,-1,-1
311,1,431.459,180.227,55.6975,150.24,1,-1,-1,-1
311,4,369.493,178.77,53.9319,146.478,1,-1,-1,-1
311,133,238.521,206.816,33.4963,88.7572,1,-1,-1,-1
311,134,216.259,210.029,30.1795,74.5842,1,-1,-1,-1
311,136,163.055,218.714,24.9329,61.2237,1,-1,-1,-1
312,1,435.891,184.203,56.0935,153.032,1,-1,-1,-1
312,4,370.038,177.858,57.318,150.008,1,-1,-1,-1
312,134,220.088,207.108,32.422,82.5701,1,-1,-1,-1
312,136,162.269,218.876,26.5356,65.6176,1,-1,-1,-1
312,139,288.233,213.785,24.1739,55.6431,1,-1,-1,-1
313,1,434.239,176.713,62.1922,164.481,1,-1,-1,-1
313,4,374.283,172.238,57.1529,150.897,1,-1,-1,-1
313,134,222.13,208.774,32.2763,82.5953,1,-1,-1,-1
313,136,166.076,224.96,24.6511,59.2516,1,-1,-1,-1
313,139,289.838,213.498,24.3368,55.7329,1,-1,-1,-1
314,1,436.736,174.834,62.0078,157.253,1,-1,-1,-1
314,4,378.833,171.978,56.6184,149.354,1,-1,-1,-1
314,134,221.982,206.052,34.6652,88.2356,1,-1,-1,-1
314,136,166.509,222.626,24.2933,57.9223,1,-1,-1,-1
314,139,295.144,210.534,25.3081,60.1723,1,-1,-1,-1
315,1,442.942,174.287,58.7952,150.75,1,-1,-1,-1
315,4,384.436,174.006,55.5767,144.908,1,-1,-1,-1
315,134,220.218,203.307,34.7346,89.6574,1,-1,-1,-1
315,136,170.901,220.639,23.2408,58.8994,1,-1,-1,-1
315,139,296.637,209.441,27.542,63.8366,1,-1,-1,-1
315,142,258.196,204.839,27.8412,84.6803,1,-1,-1,-1
316,1,442.543,178.508,59.3065,147.191,1,-1,-1,-1
316,4,387.79,177.193,51.6691,140.194,1,-1,-1,-1
316,134,220.611,201.523,32.7852,89.6869,1,-1,-1,-1
316,136,175.945,216.363,22.755,61.008,1,-1,-1,-1
316,139,293.454,206.28,28.5724,65.2618,1,-1,-1,-1
316,142,256.925,204.583,27.6031,83.0168,1,-1,-1,-1
317,1,444.908,175.372,60.6313,149.034,1,-1,-1,-1
317,4,388.657,176.944,53.2391,142.256,1,-1,-1,-1
317,134,227.849,202.925,32.0812,90.0554,1,-1,-1,-1
317,136,177.195,209.544,23.7639,66.0919,1,-1,-1,-1
317,139,291.854,201.41,29.0512,68.4324,1,-1,-1,-1
317,142,253.036,200.929,32.4835,90.5158,1,-1,-1,-1
317,144,135.29,212.724,28.9948,70.3376,1,-1,-1,-1
318,1,448.34,177.298,59.7173,146.128,1,-1,-1,-1
318,4,386.239,174.193,57.643,146.756,1,-1,-1,-1
318,134,225.253,208.873,29.1062,86.6852,1,-1,-1,-1
318,136,177.027,203.517,25.2763,71.1498,1,-1,-1,-1
318,139,296.646,204.8,26.6243,65.2129,1,-1,-1,-1
318,142,253.106,201.341,33.9637,91.2852,1,-1,-1,-1
318,144,134.746,214.622,27.6362,67.8867,1,-1,-1,-1
319,1,454.011,181.54,53.0217,139.7,1,-1,-1,-1
319,4,386.635,176.56,60.5335,148.378,1,-1,-1,-1
319,136,177.539,196.749,27.2703,81.2412,1,-1,-1,-1
319,139,301.291,209.887,23.1579,60.9105,1,-1,-1,-1
319,142,251.941,197.968,37.3607,99.0162,1,-1,-1,-1
319,144,131.611,214.727,28.0249,69.2205,1,-1,-1,-1
320,1,456.136,186.689,52.3105,139.434,1,-1,-1,-1
320,4,387.979,182.202,60.3824,146.639,1,-1,-1,-1
320,136,179.146,198.822,27.3833,81.8653,1,-1,-1,-1
320,139,302.731,215.255,21.8824,60.8328,1,-1,-1,-1
320,142,250.182,201.484,39.1074,101.706,1,-1,-1,-1
320,144,129.472,215.706,29.9299,71.9943,1,-1,-1,-1
321,1,455.611,184.784,52.7784,139.855,1,-1,-1,-1
321,4,390.989,185.345,58.4537,144.236,1,-1,-1,-1
321,136,180.989,198.866,27.7485,85.3968,1,-1,-1,-1
321,139,297.881,216.691,23.5291,64.6096,1,-1,-1,-1
321,142,251.183,205.632,38.2401,102.473,1,-1,-1,-1
321,144,123.742,217.208,29.6834,73.0301,1,-1,-1,-1
322,1,455.553,179.459,50.7113,130.547,1,-1,-1,-1
322,4,392.981,180.395,58.4029,144.218,1,-1,-1,-1
322,134,216.222,212.702,31.6826,99.4412,1,-1,-1,-1
322,136,185.373,211.298,23.5003,75.552,1,-1,-1,-1
322,139,295.245,216.07,23.9253,65.7285,1,-1,-1,-1
322,142,250.874,204.517,37.7437,103.464,1,-1,-1,-1
322,144,117.37,216.115,31.3024,73.7097,1,-1,-1,-1
323,1,458.698,179.66,54.6698,142.318,1,-1,-1,-1
323,4,394.2,175.996,57.0266,144.218,1,-1,-1,-1
323,134,217.063,215.836,29.6265,94.7542,1,-1,-1,-1
323,136,187.846,217.783,22.014,68.3777,1,-1,-1,-1
323,139,295.513,223.603,23.5707,60.955,1,-1,-1,-1
323,142,246.907,201.612,41.5602,108.748,1,-1,-1,-1
323,144,111.923,212.763,34.8985,78.8848,1,-1,-1,-1
324,1,459.125,179.356,60.1043,153.827,1,-1,-1,-1
324,4,395.185,175.793,55.5791,145.261,1,-1,-1,-1
324,134,215.969,212.258,30.1773,99.5579,1,-1,-1,-1
324,136,188.3,220.512,20.7742,66.1921,1,-1,-1,-1
324,139,296.38,223.837,21.8003,59.5746,1,-1,-1,-1
324,142,241.719,195.813,46.4652,118.19,1,-1,-1,-1
324,144,105.765,216.138,34.2149,76.0212,1,-1,-1,-1
325,1,457.301,176.718,64.8805,156.335,1,-1,-1,-1
325,4,396.781,179.745,54.19,144.524,1,-1,-1,-1
325,134,209.769,209.271,31.0454,105.746,1,-1,-1,-1
325,136,184.974,210.624,24.3981,78.9632,1,-1,-1,-1
325,139,296.472,218.359,23.2759,63.5567,1,-1,-1,-1
325,142,239.102,198.973,44.6576,117.274,1,-1,-1,-1
325,144,100.621,213.993,30.7636,66.4493,1,-1,-1,-1
326,1,457.418,167.72,72.3392,165.452,1,-1,-1,-1
326,4,398.02,182.896,54.2127,144.519,1,-1,-1,-1
326,139,296.003,216.229,24.383,65.3356,1,-1,-1,-1
326,142,236.395,195.96,47.1911,123.608,1,-1,-1,-1
327,1,461.193,172.418,67.786,157.383,1,-1,-1,-1
327,4,399.625,183.127,54.1684,143.488,1,-1,-1,-1
327,139,293.401,212.047,25.063,67.5695,1,-1,-1,-1
327,142,235.201,193.17,46.8629,124.235,1,-1,-1,-1
328,1,466.696,182.561,59.4455,149.727,1,-1,-1,-1
328,4,401.306,182.568,54.7961,144.3,1,-1,-1,-1
328,139,291.42,209.834,25.5155,67.7241,1,-1,-1,-1
328,142,231.969,193.207,46.1968,125.474,1,-1,-1,-1
328,147,195.733,190.325,41.6822,126.184,1,-1,-1,-1
329,1,470.183,188.598,55.2485,147.814,1,-1,-1,-1
329,4,403.787,180.985,56.0088,145.948,1,-1,-1,-1
329,139,291.451,211.907,25.8676,69.5553,1,-1,-1,-1
329,142,233.543,188.623,44.7649,124.102,1,-1,-1,-1
329,147,189.454,189.7,45.0692,129.206,1,-1,-1,-1
330,1,471.949,190.378,53.1021,147.174,1,-1,-1,-1
330,4,406.917,180.013,54.4003,142.534,1,-1,-1,-1
330,139,290.982,205.839,27.7755,74.207,1,-1,-1,-1
330,142,232.124,186.739,46.4515,128.724,1,-1,-1,-1
330,147,185.814,194.095,42.5275,127.707,1,-1,-1,-1
331,1,472.037,184.357,53.7048,148.122,1,-1,-1,-1
331,4,406.823,179.29,53.7238,140.289,1,-1,-1,-1
331,139,289.46,204.948,29.8992,79.4804,1,-1,-1,-1
331,142,228.164,182.305,50.6746,132.357,1,-1,-1,-1
331,147,184.032,191.637,42.1957,132.323,1,-1,-1,-1
332,1,469.794,178.108,56.4532,152.87,1,-1,-1,-1
332,4,406.051,178.367,54.0766,141.826,1,-1,-1,-1
332,139,287.699,206.497,28.6982,78.1119,1,-1,-1,-1
332,142,223.647,177.083,55.4288,138.439,1,-1,-1,-1
332,147,178.599,189.962,45.8735,142.207,1,-1,-1,-1
333,4,406.948,173.927,55.7436,147.758,1,-1,-1,-1
333,139,284.481,202.173,28.8486,79.7152,1,-1,-1,-1
333,142,218.281,176.71,57.8625,137.56,1,-1,-1,-1
333,147,173.91,184.381,46.3538,146.502,1,-1,-1,-1
334,4,406.451,173.368,55.6258,144.346,1,-1,-1,-1
334,139,283.164,201.492,28.8483,81.4306,1,-1,-1,-1
334,142,218.643,178.084,51.5205,130.626,1,-1,-1,-1
334,147,168.188,174.742,49.5961,152.988,1,-1,-1,-1
335,4,405.167,172.983,57.2549,147.537,1,-1,-1,-1
335,139,281.376,203.024,29.8702,82.0972,1,-1,-1,-1
335,142,213.788,176.016,50.1048,135.803,1,-1,-1,-1
335,147,155.585,170.72,54.2668,163.448,1,-1,-1,-1
336,1,474.334,182.141,50.5675,138.409,1,-1,-1,-1
336,4,405.013,172.018,57.8511,147.491,1,-1,-1,-1
336,139,282.378,202.155,28.8469,83.3418,1,-1,-1,-1
336,142,205.788,174.553,51.8203,148.729,1,-1,-1,-1
336,147,151.692,172.79,57.0068,169.535,1,-1,-1,-1
336,149,258.032,201.103,27.2197,88.2013,1,-1,-1,-1
337,1,475.259,182.511,53.0164,141.696,1,-1,-1,-1
337,4,404.247,172.139,58.396,152.233,1,-1,-1,-1
337,139,280.204,198.303,31.9146,87.7795,1,-1,-1,-1
337,142,195.173,169.158,57.0484,168.963,1,-1,-1,-1
337,147,143.398,177.694,53.4215,160.87,1,-1,-1,-1
337,149,252.542,197.89,29.6123,89.8552,1,-1,-1,-1
337,150,581.368,219.682,42.8233,93.4587,1,-1,-1,-1
338,1,477.615,187.097,51.6087,139.62,1,-1,-1,-1
338,4,404.195,175.747,57.9613,151.287,1,-1,-1,-1
338,139,278.967,202.77,30.8286,87.3216,1,-1,-1,-1
338,142,190.434,167.794,53.9901,164.915,1,-1,-1,-1
338,147,136.38,174.804,53.9897,168.914,1,-1,-1,-1
338,149,248.442,202.271,30.3427,90.8191,1,-1,-1,-1
338,150,580.364,220.772,40.5256,92.8336,1,-1,-1,-1
339,1,478.174,189.817,51.2719,136.948,1,-1,-1,-1
339,4,399.323,177.321,68.0116,151.017,1,-1,-1,-1
339,139,277.724,203.9,31.4916,91.0644,1,-1,-1,-1
339,142,184.341,161.559,59.7322,177.684,1,-1,-1,-1
339,147,131.457,171.711,54.9669,174.921,1,-1,-1,-1
339,149,245.075,201.973,30.4389,90.5746,1,-1,-1,-1
339,150,572.757,214.949,46.1407,105.793,1,-1,-1,-1
340,1,479.551,184.537,50.9434,141.391,1,-1,-1,-1
340,4,401.335,177.898,62.529,141.64,1,-1,-1,-1
340,139,276.783,204.793,30.938,92.1949,1,-1,-1,-1
340,142,174.178,157.251,67.3626,187.877,1,-1,-1,-1
340,147,126.178,171.922,55.2802,172.329,1,-1,-1,-1
340,149,240.748,201.559,33.4208,91.8636,1,-1,-1,-1
340,150,568.544,211.209,47.7501,109.665,1,-1,-1,-1
341,1,473.22,181.877,55.917,148.788,1,-1,-1,-1
341,4,401.884,175.801,60.9373,141.862,1,-1,-1,-1
341,139,275.541,199.829,30.759,95.0688,1,-1,-1,-1
341,142,169.361,157.409,68.9919,204.445,1,-1,-1,-1
341,147,121.282,163.876,55.8854,179.596,1,-1,-1,-1
341,149,239.115,202.382,32.5621,91.044,1,-1,-1,-1
341,150,569.634,210.237,44.1936,109.389,1,-1,-1,-1
342,1,472.417,177.95,59.843,154.425,1,-1,-1,-1
342,4,403.506,177.378,58.5999,138.232,1,-1,-1,-1
342,139,275.137,195.782,31.0666,99.08,1,-1,-1,-1
342,142,158.172,151.126,77.2995,229.473,1,-1,-1,-1
342,147,106.773,150.043,60.3711,200.73,1,-1,-1,-1
342,149,235.497,202.508,32.4736,94.1823,1,-1,-1,-1
342,150,567.659,203.989,48.3903,111.356,1,-1,-1,-1
343,1,475.571,173.381,58.0263,151.581,1,-1,-1,-1
343,4,403.22,177.816,57.6567,138.196,1,-1,-1,-1
343,139,274.673,192.668,33.0726,105.255,1,-1,-1,-1
343,142,151.372,145.972,73.0031,227.391,1,-1,-1,-1
343,147,97.162,147.537,63.5659,218.866,1,-1,-1,-1
343,149,232.677,198.16,32.0349,95.435,1,-1,-1,-1
343,150,566.069,197.672,51.291,114.383,1,-1,-1,-1
344,1,477.869,181.348,53.0319,146.316,1,-1,-1,-1
344,4,403.728,176.432,58.3404,140.927,1,-1,-1,-1
344,139,273.018,187.991,35.0022,111.555,1,-1,-1,-1
344,142,150.607,138.201,72.5459,230.087,1,-1,-1,-1
344,147,88.1571,132.47,75.0367,251.411,1,-1,-1,-1
344,149,234.276,193.862,32.2823,98.4798,1,-1,-1,-1
344,150,561.385,196.244,57.1139,115.733,1,-1,-1,-1
345,1,476.339,180.419,53.9571,154.968,1,-1,-1,-1
345,4,405.332,177.645,57.0123,131.873,1,-1,-1,-1
345,139,272.455,188.283,33.6332,107.925,1,-1,-1,-1
345,142,138.69,126.445,81.6755,270.481,1,-1,-1,-1
345,149,234.696,199.844,29.3611,91.2254,1,-1,-1,-1
345,150,560.265,199.576,55.6821,109.681,1,-1,-1,-1
346,1,476.875,181.3,52.6314,154.922,1,-1,-1,-1
346,4,410.953,178.907,56.6517,134.124,1,-1,-1,-1
346,139,272.199,187.533,34.0122,109.862,1,-1,-1,-1
346,142,132.528,105.49,90.018,307.037,1,-1,-1,-1
346,149,234.597,201.059,31.9303,98.1405,1,-1,-1,-1
346,150,556.751,206.986,55.828,106.657,1,-1,-1,-1
346,152,72.4682,148.432,62.3015,143.821,1,-1,-1,-1
347,1,476.765,181.146,53.1164,154.386,1,-1,-1,-1
347,4,408.652,182.459,58.1107,131.911,1,-1,-1,-1
347,139,271.344,190.399,33.576,110.814,1,-1,-1,-1
347,142,119.751,101.227,95.2792,317.182,1,-1,-1,-1
347,149,230.211,200.048,34.4288,102.484,1,-1,-1,-1
347,150,554.542,205.941,52.728,107.136,1,-1,-1,-1
348,1,477.22,187.688,51.9501,147.484,1,-1,-1,-1
348,4,404.301,182.215,60.032,132.951,1,-1,-1,-1
348,139,268.737,192.983,33.4318,110.579,1,-1,-1,-1
348,142,96.5836,92.8266,115.857,353.237,1,-1,-1,-1
348,147,25.7893,112.023,99.7427,316.385,1,-1,-1,-1
348,149,225.1,200.271,35.7647,105.228,1,-1,-1,-1
348,150,556.151,209.732,45.3067,102.994,1,-1,-1,-1
349,1,471.523,186.107,51.7251,139.928,1,-1,-1,-1
349,4,401.098,184.863,59.5942,135.261,1,-1,-1,-1
349,139,262.55,188.642,37.7148,120.261,1,-1,-1,-1
349,142,64.1756,84.9926,130.12,380.822,1,-1,-1,-1
349,147,7.48743,103.563,100.692,318.539,1,-1,-1,-1
349,149,217.778,200.429,35.3159,104.925,1,-1,-1,-1
349,150,550.819,211.23,41.4042,99.3602,1,-1,-1,-1
350,1,466.02,184.739,52.2293,138.644,1,-1,-1,-1
350,4,396.171,184.012,61.4435,135.754,1,-1,-1,-1
350,139,255.574,186.553,37.1604,124.457,1,-1,-1,-1
350,142,53.9172,73.1037,127.2,394.067,1,-1,-1,-1
350,147,0,99.7818,96.9933,335.48,1,-1,-1,-1
350,149,212.544,199.269,35.8352,104.512,1,-1,-1,-1
350,150,545.636,211.246,38.1513,95.6317,1,-1,-1,-1
350,152,12.0057,109.679,58.8998,132.948,1,-1,-1,-1
351,1,466.591,182.708,55.0063,143.059,1,-1,-1,-1
351,4,390.662,183.963,65.8685,140.895,1,-1,-1,-1
351,139,252.647,184.884,35.8317,123.41,1,-1,-1,-1
351,142,27.2477,59.696,141.041,422.052,1,-1,-1,-1
351,149,205.522,198.685,36.4192,106.943,1,-1,-1,-1
351,150,542.433,215.06,37.3859,97.217,1,-1,-1,-1
352,1,461.722,185.291,55.2031,141.019,1,-1,-1,-1
352,4,389.057,183.448,64.9626,143.429,1,-1,-1,-1
352,139,246.93,182.378,38.0829,127.382,1,-1,-1,-1
352,142,6.31203,30.4827,143.688,447.967,1,-1,-1,-1
352,149,201.65,196.318,37.1666,109.012,1,-1,-1,-1
352,150,539.665,216.587,39.7551,102.784,1,-1,-1,-1
353,1,457.374,185.804,59.4878,146.089,1,-1,-1,-1
353,4,385.955,182.781,68.5246,146.581,1,-1,-1,-1
353,139,242.56,183.306,40.8404,128.981,1,-1,-1,-1
353,142,1.19132,16.2816,137.083,446.123,1,-1,-1,-1
353,149,199.019,193.866,38.8429,114.223,1,-1,-1,-1
353,150,537.751,214.372,42.43,108.195,1,-1,-1,-1
354,1,455.747,185.204,63.0391,149.854,1,-1,-1,-1
354,4,384.18,177.107,69.4845,148.798,1,-1,-1,-1
354,139,240.722,185.089,39.9482,128.088,1,-1,-1,-1
354,142,0,35.7252,114.035,390.91,1,-1,-1,-1
354,149,196.444,189.818,39.4885,117.295,1,-1,-1,-1
354,150,538.492,213.455,43.1601,106.368,1,-1,-1,-1
