1,1,350,160,57.241,129.89,1,-1,-1,-1
1,2,796,167,33.859,76.834,1,-1,-1,-1
1,3,312,162,30.837,69.977,1,-1,-1,-1
1,4,279,157,30.837,69.977,1,-1,-1,-1
1,5,448,160,37.006,83.974,1,-1,-1,-1
1,6,291,153,28.309,64.24,1,-1,-1,-1
1,7,764,287,33.859,76.834,1,-1,-1,-1
1,8,744,171,37.006,83.974,1,-1,-1,-1
2,1,328.074,155.201,66.4279,150.738,1,-1,-1,-1
2,2,800.763,167,33.859,76.834,1,-1,-1,-1
2,3,312,162,30.837,69.977,1,-1,-1,-1
2,4,278.045,161.757,28.4339,64.5234,1,-1,-1,-1
2,8,746.807,162.31,51.7044,117.325,1,-1,-1,-1
2,9,212,153,28.309,64.24,1,-1,-1,-1
3,1,307.357,154.787,67.3055,152.729,1,-1,-1,-1
3,2,802.109,172.222,39.4594,89.543,1,-1,-1,-1
3,4,278.822,162.238,30.4206,69.0319,1,-1,-1,-1
3,5,453.883,165.883,37.006,83.974,1,-1,-1,-1
3,6,290.015,161.815,33.7595,76.6083,1,-1,-1,-1
3,8,746.346,152.023,57.2887,129.997,1,-1,-1,-1
3,9,212,153,28.309,64.24,1,-1,-1,-1
3,10,357,228,37.006,83.974,1,-1,-1,-1
4,2,800.013,166.67,47.2245,107.164,1,-1,-1,-1
4,4,279.078,158.297,31.0151,70.3809,1,-1,-1,-1
5,5,461.064,165.486,40.4127,91.7058,1,-1,-1,-1
6,5,470.282,163.223,36.5046,82.8374,1,-1,-1,-1
7,1,187.762,176.059,80.9597,183.715,1,-1,-1,-1
7,5,474.011,153.626,43.9441,99.7196,1,-1,-1,-1
8,1,149.632,162.353,91.1405,206.818,1,-1,-1,-1
8,4,278.949,156.427,33.3627,75.708,1,-1,-1,-1
8,5,485.803,160.84,36.3826,82.5608,1,-1,-1,-1
8,12,821.497,161.752,49.0324,111.264,1,-1,-1,-1
8,13,321.246,161.961,30.8644,70.039,1,-1,-1,-1
9,4,279.752,156.541,33.8869,76.8975,1,-1,-1,-1
9,5,487.185,161.363,40.3257,91.5088,1,-1,-1,-1
9,12,827.032,162.34,50.3881,114.341,1,-1,-1,-1
9,13,324.7,161.68,31.0387,70.4345,1,-1,-1,-1
10,4,276.64,156.631,32.3952,73.5127,1,-1,-1,-1
10,5,492.818,161.28,40.4446,91.7785,1,-1,-1,-1
10,12,833.221,161.628,53.0901,120.472,1,-1,-1,-1
10,13,323.586,155.213,33.0202,74.9309,1,-1,-1,-1
11,4,274.796,156.769,31.4246,71.3103,1,-1,-1,-1
11,5,496.312,154.079,45.231,102.64,1,-1,-1,-1
11,12,846.262,166.284,53.9964,122.528,1,-1,-1,-1
11,13,319.858,150.306,35.8438,81.3378,1,-1,-1,-1
11,15,284.723,156.75,34.0545,77.2775,1,-1,-1,-1
12,5,502.208,154.197,45.1379,102.429,1,-1,-1,-1
12,12,852.688,164.182,54.0667,122.687,1,-1,-1,-1
12,15,287.745,157.259,34.0072,77.1704,1,-1,-1,-1
13,5,508.325,158.082,44.8099,101.685,1,-1,-1,-1
13,12,859.892,162.87,53.7623,121.996,1,-1,-1,-1
13,15,286.102,157.401,33.9637,77.0716,1,-1,-1,-1
14,5,516.211,163.334,42.4637,96.3606,1,-1,-1,-1
14,12,862.948,166.77,53.3469,121.053,1,-1,-1,-1
14,15,288.26,157.387,33.928,76.9905,1,-1,-1,-1
15,4,277.264,160.769,28.2954,64.2092,1,-1,-1,-1
15,5,519.302,159.887,45.6945,103.692,1,-1,-1,-1
15,12,872.886,169.075,52.9633,120.182,1,-1,-1,-1
15,13,328.544,159.011,32.6864,74.1733,1,-1,-1,-1
15,15,289.477,157.309,33.9003,76.9278,1,-1,-1,-1
16,4,280.262,162.119,27.9454,63.4149,1,-1,-1,-1
16,5,527.63,157.012,42.9653,97.499,1,-1,-1,-1
16,12,877.718,170.238,52.6704,119.517,1,-1,-1,-1
16,13,331.118,160.962,33.3522,75.6842,1,-1,-1,-1
16,15,293.573,157.216,33.8806,76.8831,1,-1,-1,-1
16,19,212.367,161.257,28.9673,65.734,1,-1,-1,-1
17,4,279.568,162.664,27.8728,63.2502,1,-1,-1,-1
17,5,531.664,159.51,43.2254,98.0891,1,-1,-1,-1
17,13,337.004,161.972,32.0114,72.6417,1,-1,-1,-1
17,15,291.722,155.359,35.7223,81.062,1,-1,-1,-1
17,19,212.286,161.966,28.5356,64.7542,1,-1,-1,-1
18,4,281.68,161.216,33.3066,75.5805,1,-1,-1,-1
18,13,340.111,162.422,31.1856,70.7679,1,-1,-1,-1
18,15,293.868,154.332,36.732,83.3529,1,-1,-1,-1
19,13,341.4,162.533,30.7591,69.8,1,-1,-1,-1
19,15,295.011,153.84,37.2055,84.4271,1,-1,-1,-1
20,13,341.656,165.365,30.5936,69.4246,1,-1,-1,-1
20,15,295.491,153.667,37.3627,84.7837,1,-1,-1,-1
21,5,553.889,153.969,52.367,118.831,1,-1,-1,-1
21,13,344.316,166.895,30.5738,69.3796,1,-1,-1,-1
21,15,292.676,155.338,35.5884,80.7577,1,-1,-1,-1
21,19,212.03,156.752,30.977,70.2946,1,-1,-1,-1
22,4,277.576,158.695,31.7612,72.0738,1,-1,-1,-1
22,5,563.483,157.085,46.5394,105.608,1,-1,-1,-1
22,13,346.727,169.278,29.1738,66.2026,1,-1,-1,-1
22,19,212.006,156.558,31.0561,70.4742,1,-1,-1,-1
23,4,279.951,162.8,29.8328,67.6979,1,-1,-1,-1
23,5,565.46,155.391,49.6006,112.553,1,-1,-1,-1
23,19,211.995,156.567,31.0442,70.4471,1,-1,-1,-1
24,4,281.971,162.912,30.1365,68.3872,1,-1,-1,-1
24,5,574.244,163.037,46.5031,105.525,1,-1,-1,-1
24,19,214.888,156.661,30.9963,70.3385,1,-1,-1,-1
24,26,925.29,149.096,69.3918,157.463,1,-1,-1,-1
24,28,311.617,162.994,33.4571,75.9217,1,-1,-1,-1
25,4,284.164,159.808,32.2179,73.1102,1,-1,-1,-1
25,5,582.594,164.659,47.1555,107.006,1,-1,-1,-1
25,19,213.646,156.77,30.9434,70.2183,1,-1,-1,-1
25,26,926.807,144.438,73.9316,167.766,1,-1,-1,-1
25,28,312.53,161.914,35.5658,80.7064,1,-1,-1,-1
26,4,287.012,160.854,31.6509,71.8235,1,-1,-1,-1
26,5,593.204,162.574,41.4519,94.0632,1,-1,-1,-1
26,19,215.678,156.863,30.8992,70.1181,1,-1,-1,-1
26,26,943.468,148.077,71.7029,162.709,1,-1,-1,-1
26,28,312.789,161.252,36.5268,82.887,1,-1,-1,-1
27,4,288.417,164.426,31.2422,70.8964,1,-1,-1,-1
27,5,597.007,157.497,47.1715,107.041,1,-1,-1,-1
27,19,216.806,156.931,30.8678,70.0469,1,-1,-1,-1
27,26,958.481,154.742,67.0353,152.116,1,-1,-1,-1
27,28,315.786,160.788,36.98,83.9154,1,-1,-1,-1
28,4,291.816,163.57,30.9852,70.313,1,-1,-1,-1
28,13,364.062,161.759,35.6261,80.8438,1,-1,-1,-1
28,19,217.321,156.973,30.8482,70.0025,1,-1,-1,-1
28,28,317.244,160.454,37.1701,84.3466,1,-1,-1,-1
29,4,294.636,167.483,29.4109,66.7406,1,-1,-1,-1
29,28,321.293,160.226,37.2177,84.4544,1,-1,-1,-1
29,35,261.121,160.592,31.0151,70.3809,1,-1,-1,-1
30,28,326.815,160.084,37.1951,84.4033,1,-1,-1,-1
31,28,329.59,160.007,37.147,84.2941,1,-1,-1,-1
32,19,221.193,155.151,35.0388,79.5112,1,-1,-1,-1
32,28,336.926,160.962,33.6788,76.4246,1,-1,-1,-1
32,37,269.035,160.452,30.142,68.3995,1,-1,-1,-1
32,38,295.157,157.002,33.7541,76.5957,1,-1,-1,-1
33,19,222.689,155.97,34.8176,79.0092,1,-1,-1,-1
33,28,337.211,160.486,35.1421,79.7447,1,-1,-1,-1
33,37,268.896,161.637,30.5858,69.4066,1,-1,-1,-1
33,39,322.926,157.447,34.5433,78.3861,1,-1,-1,-1
34,19,226.277,156.527,34.5271,78.3501,1,-1,-1,-1
34,28,336.68,160.204,36.1257,81.9767,1,-1,-1,-1
34,37,268.852,167.217,29.1898,66.2387,1,-1,-1,-1
34,39,322.953,159.742,33.6336,76.3219,1,-1,-1,-1
35,19,226.979,155.107,36.1019,81.9234,1,-1,-1,-1
35,28,339.379,160.052,36.7132,83.3099,1,-1,-1,-1
35,41,660.09,148.627,45.1849,102.534,1,-1,-1,-1
36,19,230.558,154.305,36.9296,83.8012,1,-1,-1,-1
36,28,346.358,160.979,33.5915,76.2264,1,-1,-1,-1
36,41,664.964,146.214,43.977,99.7934,1,-1,-1,-1
37,19,232.365,153.911,37.2884,84.6153,1,-1,-1,-1
37,28,351.836,161.697,33.3524,75.684,1,-1,-1,-1
38,4,316.32,169.094,29.1302,66.1036,1,-1,-1,-1
38,19,236.496,158.33,35.6144,80.8169,1,-1,-1,-1
38,28,351.308,158.168,39.429,89.4735,1,-1,-1,-1
38,39,335.074,157.958,32.3984,73.5193,1,-1,-1,-1
39,4,317.719,167.836,30.1575,68.435,1,-1,-1,-1
39,19,242.028,160.975,34.5237,78.3419,1,-1,-1,-1
39,28,352.288,159.459,40.5221,91.954,1,-1,-1,-1
39,39,331.047,165.836,31.0817,70.5317,1,-1,-1,-1
39,45,279.176,154.713,37.4269,84.9298,1,-1,-1,-1
40,4,318.154,169.48,30.719,69.709,1,-1,-1,-1
40,19,244.772,162.314,33.9157,76.9625,1,-1,-1,-1
40,28,359.345,159.677,39.1432,88.8247,1,-1,-1,-1
40,39,328.32,167.921,30.4593,69.1195,1,-1,-1,-1
40,45,281.218,153.816,37.7338,85.6261,1,-1,-1,-1
41,4,317.502,165.219,32.7605,74.3416,1,-1,-1,-1
41,19,250.348,162.704,30.5363,69.2938,1,-1,-1,-1
41,28,366.548,159.848,38.1106,86.4813,1,-1,-1,-1
41,45,282.39,153.483,37.7225,85.6002,1,-1,-1,-1
42,19,251.249,157.971,33.7942,76.6866,1,-1,-1,-1
42,28,375.207,160.911,34.0554,77.2794,1,-1,-1,-1
42,45,284.134,155.123,35.805,81.2492,1,-1,-1,-1
42,50,420.04,167.942,33.4249,75.8487,1,-1,-1,-1
43,19,252.899,155.733,37.6549,85.4475,1,-1,-1,-1
43,28,379.516,161.771,31.5185,71.5228,1,-1,-1,-1
43,45,291.437,159.127,34.5761,78.4609,1,-1,-1,-1
43,50,427.255,169.652,30.1444,68.4047,1,-1,-1,-1
44,19,255.202,157.656,37.8627,85.9188,1,-1,-1,-1
44,28,382.113,164.343,34.0067,77.1689,1,-1,-1,-1
44,45,298.344,164.309,33.8982,76.9226,1,-1,-1,-1
44,50,433.727,168.749,29.8561,67.7506,1,-1,-1,-1
45,4,315.679,156.626,39.2573,89.0839,1,-1,-1,-1
45,19,257.867,156.062,39.5948,89.8495,1,-1,-1,-1
45,28,383.905,162.821,37.546,85.2006,1,-1,-1,-1
45,45,301.2,162.947,35.4677,80.4838,1,-1,-1,-1
45,50,434.223,167.177,33.7644,76.619,1,-1,-1,-1
45,59,333.386,160.412,36.496,82.8176,1,-1,-1,-1
46,19,262.5,155.198,40.4179,91.7176,1,-1,-1,-1
46,28,384.321,161.92,39.4748,89.5776,1,-1,-1,-1
46,45,305.638,161.791,36.4246,82.655,1,-1,-1,-1
46,50,437.329,166.43,35.9252,81.5221,1,-1,-1,-1
47,19,268.233,154.798,40.7078,92.3755,1,-1,-1,-1
47,28,392.537,161.579,35.3479,80.2129,1,-1,-1,-1
47,45,311.057,160.945,36.9396,83.8236,1,-1,-1,-1
47,50,442.627,163.145,38.8714,88.208,1,-1,-1,-1
48,19,272.142,157.496,38.9516,88.3901,1,-1,-1,-1
48,28,395.244,161.075,37.9546,86.1282,1,-1,-1,-1
48,45,313.538,160.396,37.1683,84.3425,1,-1,-1,-1
48,50,447.471,164.248,38.5223,87.4156,1,-1,-1,-1
48,63,301.624,154.273,36.6553,83.1782,1,-1,-1,-1
49,19,273.774,159.176,37.787,85.747,1,-1,-1,-1
49,45,317.16,160.084,37.2311,84.4851,1,-1,-1,-1
49,50,453.09,165.069,38.0667,86.3814,1,-1,-1,-1
49,63,301.641,158.417,36.7325,83.3533,1,-1,-1,-1
50,19,277.573,160.067,37.1235,84.2412,1,-1,-1,-1
50,45,323.847,160.489,39.0566,88.6278,1,-1,-1,-1
50,50,457.349,166.11,35.9036,81.4731,1,-1,-1,-1
50,63,310.318,156.922,38.862,88.1862,1,-1,-1,-1
51,19,279.265,160.433,36.8157,83.5426,1,-1,-1,-1
51,45,325.377,160.188,38.2283,86.7481,1,-1,-1,-1
51,50,460.829,166.201,36.3484,82.4822,1,-1,-1,-1
51,63,312.519,163.183,36.1825,82.1059,1,-1,-1,-1
52,19,282.61,160.5,36.7244,83.3353,1,-1,-1,-1
52,28,419.812,160.929,36.8798,83.6888,1,-1,-1,-1
52,45,331.896,163.496,37.6233,85.375,1,-1,-1,-1
52,50,463.276,170.228,34.8675,79.122,1,-1,-1,-1
52,63,320.233,162.426,36.4352,82.6793,1,-1,-1,-1
53,19,282.865,157.931,40.7825,92.5444,1,-1,-1,-1
53,28,425.692,161.312,35.3388,80.1919,1,-1,-1,-1
53,45,333.9,165.936,35.4649,80.4776,1,-1,-1,-1
53,50,470.925,170.628,30.9442,70.2193,1,-1,-1,-1
53,63,323.417,159.876,34.8405,79.0607,1,-1,-1,-1
54,19,286.698,156.59,42.9744,97.5186,1,-1,-1,-1
54,28,427.624,160.972,38.0893,86.4336,1,-1,-1,-1
54,45,338.994,166.635,36.0177,81.7316,1,-1,-1,-1
54,63,323.267,156.955,37.7132,85.5799,1,-1,-1,-1
55,19,292.068,155.942,44.0163,99.8832,1,-1,-1,-1
55,28,431.398,164.379,39.6155,89.897,1,-1,-1,-1
55,45,341.35,166.801,36.4522,82.7176,1,-1,-1,-1
55,68,314.111,157.898,42.9967,97.57,1,-1,-1,-1
56,19,294.734,155.689,44.3875,100.726,1,-1,-1,-1
56,28,435.217,163.449,42.4371,96.2999,1,-1,-1,-1
56,68,321.439,157.237,43.6959,99.1566,1,-1,-1,-1
57,19,299.754,155.645,44.4063,100.768,1,-1,-1,-1
57,28,437.366,159.302,46.4665,105.444,1,-1,-1,-1
57,50,486.301,163.355,39.9232,90.595,1,-1,-1,-1
57,68,321.434,156.763,46.847,106.307,1,-1,-1,-1
58,19,306.175,155.699,44.2732,100.466,1,-1,-1,-1
58,28,444.788,158.862,42.3385,96.076,1,-1,-1,-1
58,50,496.01,164.21,38.8848,88.2383,1,-1,-1,-1
58,68,323.106,160.079,45.6089,103.498,1,-1,-1,-1
59,19,309.258,155.783,44.1027,100.08,1,-1,-1,-1
59,28,449.259,160.3,43.1766,97.9778,1,-1,-1,-1
59,45,356.638,167.847,35.4683,80.4852,1,-1,-1,-1
59,50,500.927,164.947,38.0531,86.3507,1,-1,-1,-1
59,68,323.415,161.807,44.7442,101.536,1,-1,-1,-1
59,70,392.48,178.85,32.1628,72.9851,1,-1,-1,-1
59,72,296.567,154.273,36.6553,83.1782,1,-1,-1,-1
60,19,311.437,151.771,46.5788,105.699,1,-1,-1,-1
60,28,451.094,161.261,43.6355,99.0193,1,-1,-1,-1
60,45,360.705,164.428,40.4914,91.8839,1,-1,-1,-1
60,50,506.189,162.953,34.0934,77.3658,1,-1,-1,-1
60,68,325.387,159.059,46.8033,106.208,1,-1,-1,-1
61,19,316.129,149.557,47.9136,108.728,1,-1,-1,-1
61,28,456.62,154.253,46.4777,105.469,1,-1,-1,-1
61,45,367.2,162.113,41.034,93.1155,1,-1,-1,-1
61,50,507.776,164.791,37.1721,84.3522,1,-1,-1,-1
61,68,330.205,157.317,47.9224,108.748,1,-1,-1,-1
62,19,322.918,152.568,48.5224,110.109,1,-1,-1,-1
62,28,465.6,157.748,45.4277,103.086,1,-1,-1,-1
62,45,370.307,160.907,41.0813,93.2231,1,-1,-1,-1
62,50,510.18,163.102,41.1603,93.4025,1,-1,-1,-1
63,19,327.904,157.921,46.2032,104.847,1,-1,-1,-1
63,28,472.401,156.631,47.2175,107.148,1,-1,-1,-1
63,45,371.311,159.763,39.1531,88.8472,1,-1,-1,-1
63,50,517.25,162.022,37.7918,85.7586,1,-1,-1,-1
63,72,313.818,153.909,46.7528,106.093,1,-1,-1,-1
64,19,332.358,157.59,47.2651,107.256,1,-1,-1,-1
64,28,480.428,157.961,42.0424,95.404,1,-1,-1,-1
64,45,371.275,159.362,37.8709,85.9374,1,-1,-1,-1
64,50,526.566,164.425,33.8404,76.7921,1,-1,-1,-1
64,72,315.921,155.223,45.4642,103.169,1,-1,-1,-1
65,19,338.214,157.133,47.8961,108.688,1,-1,-1,-1
65,28,483.033,156.747,45.1874,102.541,1,-1,-1,-1
65,45,374.835,159.89,38.9876,88.4718,1,-1,-1,-1
65,50,530.087,168.374,35.0406,79.5151,1,-1,-1,-1
65,72,316.419,155.945,44.5571,101.111,1,-1,-1,-1
66,19,340.847,156.71,48.2204,109.424,1,-1,-1,-1
66,28,488.167,156.154,47.0666,106.805,1,-1,-1,-1
66,50,532.262,168.183,37.8485,85.8872,1,-1,-1,-1
66,72,317.852,156.225,46.6268,105.808,1,-1,-1,-1
67,19,346.204,156.386,48.3508,109.72,1,-1,-1,-1
67,28,494.357,155.9,48.0668,109.075,1,-1,-1,-1
67,50,537.951,170.245,37.6188,85.3656,1,-1,-1,-1
67,72,324.648,159.768,45.2303,102.639,1,-1,-1,-1
67,80,385.858,165.127,41.5114,94.1994,1,-1,-1,-1
68,19,353.221,159.567,45.8484,104.042,1,-1,-1,-1
68,28,501.693,159.208,45.9908,104.364,1,-1,-1,-1
68,50,547.477,168.897,35.6307,80.8541,1,-1,-1,-1
68,72,335.729,165.785,44.3178,100.568,1,-1,-1,-1
68,79,319.265,158.103,38.2652,86.8327,1,-1,-1,-1
68,80,391.482,162.132,40.6453,92.2342,1,-1,-1,-1
68,82,430.291,169.559,38.219,86.7271,1,-1,-1,-1
69,19,360.037,161.459,44.3101,100.551,1,-1,-1,-1
69,28,509.586,156.335,40.9603,92.9486,1,-1,-1,-1
69,50,554.512,167.893,38.1111,86.4831,1,-1,-1,-1
69,72,345.534,161.469,43.8032,99.4003,1,-1,-1,-1
69,79,321.996,157.06,38.8823,88.2332,1,-1,-1,-1
69,82,436.421,170.514,37.448,84.9774,1,-1,-1,-1
70,19,359.041,158.847,46.1736,104.779,1,-1,-1,-1
70,28,512.621,155.784,44.5071,100.997,1,-1,-1,-1
70,50,562.124,167.103,34.3496,77.9475,1,-1,-1,-1
70,79,324.512,159.206,37.5051,85.1075,1,-1,-1,-1
70,82,438.712,168.355,39.1372,88.811,1,-1,-1,-1
71,19,369.733,160.647,44.7702,101.595,1,-1,-1,-1
71,28,512.654,152.407,52.2538,118.575,1,-1,-1,-1
71,50,565.429,163.661,39.6602,89.9986,1,-1,-1,-1
71,79,327,157.313,38.697,87.8124,1,-1,-1,-1
71,82,449.485,166.992,34.588,78.4881,1,-1,-1,-1
71,87,417.225,168.683,38.8621,88.187,1,-1,-1,-1
72,28,516.669,153.872,51.0617,115.871,1,-1,-1,-1
72,50,570.476,162.107,42.5227,96.4943,1,-1,-1,-1
72,79,335.869,159.895,34.276,77.7804,1,-1,-1,-1
72,82,458.927,165.983,30.4187,69.0271,1,-1,-1,-1
72,87,422.689,164.49,41.9256,95.1391,1,-1,-1,-1
73,28,527.954,160.016,44.1119,100.1,1,-1,-1,-1
73,50,579.18,163.718,37.0607,84.0998,1,-1,-1,-1
73,72,369.793,160.569,47.7188,108.286,1,-1,-1,-1
73,79,337.039,163.877,35.1513,79.7663,1,-1,-1,-1
73,82,465.71,165.786,28.0634,63.6826,1,-1,-1,-1
73,87,426.488,165.827,40.9987,93.0359,1,-1,-1,-1
74,50,586.496,165.467,34.8762,79.1424,1,-1,-1,-1
74,72,375.909,157.41,48.3818,109.791,1,-1,-1,-1
74,79,342.058,178.585,30.9854,70.3131,1,-1,-1,-1
74,87,430.152,163.515,42.6537,96.7915,1,-1,-1,-1
75,50,592.001,168.837,35.5614,80.697,1,-1,-1,-1
75,72,378.494,154.609,51.0343,115.808,1,-1,-1,-1
75,79,345.398,170.821,35.7844,81.2033,1,-1,-1,-1
75,87,433.71,157.372,48.777,110.686,1,-1,-1,-1
76,50,589.828,166.106,43.0986,97.801,1,-1,-1,-1
76,72,379.064,159.097,50.0237,113.515,1,-1,-1,-1
76,79,346.818,165.74,38.5217,87.415,1,-1,-1,-1
76,87,436.912,160.191,49.4202,112.146,1,-1,-1,-1
77,28,557.727,154.696,50.2881,114.113,1,-1,-1,-1
77,50,592.533,164.961,46.9374,106.512,1,-1,-1,-1
77,72,378.674,162.001,49.217,111.685,1,-1,-1,-1
77,79,347.074,159.223,39.9525,90.6618,1,-1,-1,-1
77,82,483.448,172.623,35.8751,81.4092,1,-1,-1,-1
77,87,446.91,160.02,42.0028,95.3139,1,-1,-1,-1
77,93,397.917,153.417,51.4871,116.835,1,-1,-1,-1
78,28,562.868,153.919,52.2368,118.534,1,-1,-1,-1
78,50,605.534,165.048,42.6903,96.874,1,-1,-1,-1
78,72,381.321,161.645,44.2436,100.399,1,-1,-1,-1
78,82,488.056,172.395,37.2314,84.4867,1,-1,-1,-1
78,93,403.811,159.47,49.7521,112.899,1,-1,-1,-1
79,28,574.313,159.688,44.97,102.045,1,-1,-1,-1
79,50,622.25,162.671,36.4262,82.6596,1,-1,-1,-1
79,82,492.888,173.188,39.5649,89.7821,1,-1,-1,-1
79,93,408.212,155.996,51.5097,116.886,1,-1,-1,-1
80,28,584.846,158.463,38.216,86.7195,1,-1,-1,-1
80,50,630.524,162.004,33.9647,77.074,1,-1,-1,-1
80,82,501.249,166.957,37.1541,84.3114,1,-1,-1,-1
80,93,415.944,158.095,45.3602,102.932,1,-1,-1,-1
81,28,588.921,155.4,45.616,103.511,1,-1,-1,-1
81,50,631.402,155.813,44.713,101.463,1,-1,-1,-1
81,79,357.403,157.377,42.6428,96.7671,1,-1,-1,-1
81,82,506.459,166.128,33.781,76.6572,1,-1,-1,-1
81,87,468.327,182.749,33.6649,76.3936,1,-1,-1,-1
81,93,418.574,155.511,48.906,110.977,1,-1,-1,-1
82,50,636.845,159.521,47.618,108.056,1,-1,-1,-1
82,79,356.808,156.104,43.6592,99.0735,1,-1,-1,-1
82,82,510.171,162.782,39.4559,89.5349,1,-1,-1,-1
82,93,417.677,160.053,48.5584,110.189,1,-1,-1,-1
83,50,643.62,162.067,48.9073,110.982,1,-1,-1,-1
83,82,520.713,164.019,35.3476,80.2125,1,-1,-1,-1
84,50,654.972,164.113,43.3495,98.3697,1,-1,-1,-1
84,82,527.87,164.793,36.063,81.8353,1,-1,-1,-1
85,28,624.668,152.585,53.3949,121.163,1,-1,-1,-1
85,82,534.387,168.263,36.5545,82.9505,1,-1,-1,-1
85,99,439.91,155.679,52.328,118.74,1,-1,-1,-1
86,28,627.177,151.251,56.8319,128.962,1,-1,-1,-1
86,82,540.513,167.948,35.0598,79.5586,1,-1,-1,-1
86,96,412.875,164.708,37.8278,85.84,1,-1,-1,-1
86,99,448.209,153.454,52.328,118.74,1,-1,-1,-1
87,28,632.61,150.709,58.3013,132.296,1,-1,-1,-1
87,82,544.611,168.513,40.113,91.0258,1,-1,-1,-1
87,98,494.795,163.858,50.45,114.481,1,-1,-1,-1
87,99,451.327,157.857,52.328,118.74,1,-1,-1,-1
88,28,640.502,156.778,55.9726,127.011,1,-1,-1,-1
88,82,550.151,169.068,42.794,97.1097,1,-1,-1,-1
88,98,493.887,161.937,54.7812,124.309,1,-1,-1,-1
88,99,456.374,153.585,55.3506,125.599,1,-1,-1,-1
88,100,394.577,157.619,42.5705,96.6029,1,-1,-1,-1
89,28,648.777,160.435,54.2179,123.029,1,-1,-1,-1
89,82,555.357,166.419,46.6835,105.936,1,-1,-1,-1
89,99,468.384,157.83,54.0418,122.629,1,-1,-1,-1
89,100,409.355,164.185,40.8891,92.7875,1,-1,-1,-1
90,28,667.354,160.522,42.2218,95.8092,1,-1,-1,-1
90,82,562.119,163.68,46.0183,104.427,1,-1,-1,-1
90,99,474.316,154.031,56.0149,127.107,1,-1,-1,-1
90,100,410.717,159.802,45.4507,103.139,1,-1,-1,-1
91,28,668.488,149.865,52.6693,119.516,1,-1,-1,-1
91,82,564.589,163.369,47.8237,108.524,1,-1,-1,-1
91,99,481.745,152.947,59.6847,135.434,1,-1,-1,-1
91,100,419.594,157.574,47.5883,107.99,1,-1,-1,-1
92,28,674.935,151.142,52.7963,119.804,1,-1,-1,-1
92,82,573.743,166.193,46.1298,104.68,1,-1,-1,-1
92,98,542.207,185.878,30.2155,68.5659,1,-1,-1,-1
92,99,484.966,152.581,61.5688,139.709,1,-1,-1,-1
92,104,405.054,155.068,48.8661,110.89,1,-1,-1,-1
93,82,586.253,165.967,41.2693,93.6497,1,-1,-1,-1
93,99,485.137,147.886,65.3797,148.358,1,-1,-1,-1
93,104,404.639,155.701,45.6643,103.624,1,-1,-1,-1
94,82,592.602,168.988,38.1497,86.5702,1,-1,-1,-1
94,99,493.401,154.667,59.3105,134.585,1,-1,-1,-1
94,105,739.049,164.301,40.7837,92.5469,1,-1,-1,-1
95,99,504.704,158.196,57.8759,131.33,1,-1,-1,-1
95,105,754.592,165.563,31.115,70.6068,1,-1,-1,-1
95,107,415.162,156,48.7946,110.727,1,-1,-1,-1
96,28,722.059,149.743,63.6423,144.415,1,-1,-1,-1
96,99,510.361,160.068,57.1288,129.635,1,-1,-1,-1
96,107,417.527,157.517,42.1803,95.7169,1,-1,-1,-1
96,109,561.292,162,52.328,118.74,1,-1,-1,-1
97,28,725.51,151.674,63.3548,143.763,1,-1,-1,-1
97,99,518.222,156.735,59.4551,134.913,1,-1,-1,-1
97,107,419.044,158.909,38.392,87.1201,1,-1,-1,-1
97,109,569.507,167.606,52.328,118.74,1,-1,-1,-1
97,111,435.025,153.814,52.9929,120.25,1,-1,-1,-1
97,112,492.221,156.784,46.5332,105.594,1,-1,-1,-1
98,28,736.614,152.759,62.8884,142.704,1,-1,-1,-1
98,82,625.789,176.923,34.3215,77.8831,1,-1,-1,-1
98,99,521.711,154.592,60.865,138.113,1,-1,-1,-1
98,111,440.07,155.031,50.3254,114.199,1,-1,-1,-1
98,112,495.969,160.526,44.4896,100.957,1,-1,-1,-1
99,28,746.787,153.265,62.4405,141.688,1,-1,-1,-1
99,82,636.702,174.587,31.7431,72.0323,1,-1,-1,-1
99,99,533.616,153.373,61.6157,139.816,1,-1,-1,-1
99,111,449.176,176.233,42.3067,96.0025,1,-1,-1,-1
99,112,503.478,170.515,35.8771,81.4135,1,-1,-1,-1
100,28,758.046,148.758,65.122,147.773,1,-1,-1,-1
100,82,638.204,166.12,44.2596,100.434,1,-1,-1,-1
100,99,544.643,149.089,68.672,155.829,1,-1,-1,-1
100,111,455.422,165.65,47.4658,107.709,1,-1,-1,-1
100,112,504.984,163.13,42.2633,95.9056,1,-1,-1,-1
101,28,769.953,151.192,54.3302,123.286,1,-1,-1,-1
101,82,649.653,159.044,38.5421,87.4605,1,-1,-1,-1
101,107,436.625,167.559,33.7368,76.5566,1,-1,-1,-1
101,111,458.365,159.333,50.3259,114.198,1,-1,-1,-1
101,112,510.71,165.651,40.9029,92.8186,1,-1,-1,-1
102,28,785.977,152.441,43.3763,98.4292,1,-1,-1,-1
102,82,659.039,156.087,35.9061,81.4789,1,-1,-1,-1
102,107,442.156,163.849,34.8729,79.1344,1,-1,-1,-1
102,111,464.004,155.703,51.8648,117.69,1,-1,-1,-1
102,112,520.767,168.964,35.0637,79.5681,1,-1,-1,-1
103,28,790.39,152.072,52.2728,118.617,1,-1,-1,-1
103,82,672.481,164.358,34.3108,77.859,1,-1,-1,-1
103,107,445.195,158.499,37.7044,85.5599,1,-1,-1,-1
103,111,471.19,150.893,50.2531,114.034,1,-1,-1,-1
103,112,524.667,169.539,39.2688,89.1105,1,-1,-1,-1
104,28,797.244,158.032,51.9167,117.808,1,-1,-1,-1
104,82,679.958,165.992,37.3283,84.7066,1,-1,-1,-1
104,99,592.674,158,64.3119,145.935,1,-1,-1,-1
104,107,448.579,158.499,37.5065,85.1105,1,-1,-1,-1
104,111,479.226,151.388,51.5253,116.92,1,-1,-1,-1
104,112,522.483,162.111,44.5784,101.159,1,-1,-1,-1
104,117,635.018,155.515,63.68,144.5,1,-1,-1,-1
105,28,813.883,156.757,60.7391,137.828,1,-1,-1,-1
105,82,687.357,166.936,35.4958,80.5483,1,-1,-1,-1
105,99,598.122,156.588,65.9716,149.702,1,-1,-1,-1
105,107,451.471,156.152,44.0982,100.069,1,-1,-1,-1
105,111,482.985,152.145,52.2167,118.489,1,-1,-1,-1
105,112,531.513,165.448,44.7877,101.634,1,-1,-1,-1
106,28,828.708,156.29,65.3355,148.258,1,-1,-1,-1
106,82,696.535,167.292,38.0787,86.4097,1,-1,-1,-1
106,107,452.739,155.465,47.4222,107.612,1,-1,-1,-1
106,112,538.556,160.066,47.2465,107.214,1,-1,-1,-1
107,82,701.446,168.634,47.0552,106.778,1,-1,-1,-1
107,107,459.189,157.971,44.5178,101.021,1,-1,-1,-1
107,112,545.89,157.006,48.4379,109.918,1,-1,-1,-1
108,82,710.156,169.363,46.5404,105.61,1,-1,-1,-1
108,107,459.593,150.971,49.4381,112.186,1,-1,-1,-1
108,112,553.842,160.143,48.8819,110.925,1,-1,-1,-1
108,117,668.708,161.135,55.751,126.508,1,-1,-1,-1
109,82,723.536,167.769,40.6359,92.212,1,-1,-1,-1
109,99,629.179,145.414,71.8307,162.999,1,-1,-1,-1
109,107,463.931,147.168,51.957,117.901,1,-1,-1,-1
109,111,504.696,155.22,51.0685,115.883,1,-1,-1,-1
109,112,557.434,157.633,48.9276,111.029,1,-1,-1,-1
109,117,685.604,161.714,53.4085,121.192,1,-1,-1,-1
110,28,861.509,140.771,78.7654,178.736,1,-1,-1,-1
110,82,733.174,166.781,38.2016,86.6877,1,-1,-1,-1
110,99,638.541,139.686,77.3368,175.494,1,-1,-1,-1
110,107,466,149.991,53.0586,120.4,1,-1,-1,-1
110,111,507.012,159.078,52.0984,118.22,1,-1,-1,-1
110,112,562.49,155.067,51.2,116.184,1,-1,-1,-1
111,28,878.478,142.885,76.8545,174.4,1,-1,-1,-1
111,99,657.757,146.955,72.6356,164.825,1,-1,-1,-1
111,107,471.294,152.01,53.3685,121.103,1,-1,-1,-1
111,111,512.205,161.314,52.5733,119.297,1,-1,-1,-1
111,112,564.538,153.801,52.3585,118.812,1,-1,-1,-1
112,28,893.718,144.634,75.2381,170.733,1,-1,-1,-1
112,99,670.522,147.217,72.8513,165.316,1,-1,-1,-1
112,107,477.881,150.281,50.9824,115.689,1,-1,-1,-1
112,111,519.189,162.399,52.7211,119.633,1,-1,-1,-1
112,112,569.51,153.317,52.8333,119.889,1,-1,-1,-1
113,28,902.333,140.052,78.365,177.828,1,-1,-1,-1
113,107,486.256,153.241,46.8981,106.422,1,-1,-1,-1
113,111,527.6,159.041,47.9441,108.794,1,-1,-1,-1
113,112,576.333,157.878,52.9293,120.106,1,-1,-1,-1
113,117,730.421,155.7,66.7654,151.502,1,-1,-1,-1
114,28,919.768,137.538,80.0464,181.644,1,-1,-1,-1
114,82,785.231,168.716,32.9001,74.6576,1,-1,-1,-1
114,107,493.875,155.175,47.0046,106.664,1,-1,-1,-1
114,112,584.179,156.023,52.8469,119.919,1,-1,-1,-1
114,117,739.187,154.758,67.7874,153.822,1,-1,-1,-1
115,28,937.19,142.039,76.656,173.95,1,-1,-1,-1
115,107,497.318,156.158,47.2956,107.325,1,-1,-1,-1
115,112,591.302,160.539,50.3744,114.309,1,-1,-1,-1
115,117,754.793,154.415,68.0217,154.354,1,-1,-1,-1
116,28,952.076,145.007,74.4238,168.885,1,-1,-1,-1
116,107,499.416,155.304,50.0634,113.604,1,-1,-1,-1
116,112,595.621,157.406,51.2451,116.284,1,-1,-1,-1
116,117,768.023,160.762,67.8794,154.031,1,-1,-1,-1
117,28,971.033,148.342,77.4913,175.846,1,-1,-1,-1
117,107,507.339,155.875,49.268,111.8,1,-1,-1,-1
117,112,601.737,155.39,51.8307,117.613,1,-1,-1,-1
117,117,781.886,153.482,71.1761,161.513,1,-1,-1,-1
118,28,985.4,140.792,82.4683,187.141,1,-1,-1,-1
118,107,512.956,154.97,51.1154,115.991,1,-1,-1,-1
118,112,608.997,154.256,52.1778,118.4,1,-1,-1,-1
118,117,794.345,149.138,72.885,165.392,1,-1,-1,-1
118,125,197.366,156.087,28.7778,65.3038,1,-1,-1,-1
119,28,998.736,136.319,85.1212,193.161,1,-1,-1,-1
119,99,768.938,148.295,81.1192,184.078,1,-1,-1,-1
119,107,517.642,155.533,49.764,112.925,1,-1,-1,-1
119,112,616.892,153.726,52.3543,118.8,1,-1,-1,-1
119,117,806.474,146.881,73.6104,167.038,1,-1,-1,-1
119,125,194.724,156.723,28.4515,64.5634,1,-1,-1,-1
119,127,569.493,155.216,53.3964,121.165,1,-1,-1,-1
120,28,1010.22,147.506,79.314,179.983,1,-1,-1,-1
120,99,770.958,146.845,84.5239,191.805,1,-1,-1,-1
120,107,521.8,154.711,51.2605,116.32,1,-1,-1,-1
120,112,618.05,147.001,58.002,131.616,1,-1,-1,-1
120,117,817.854,152.315,73.7832,167.431,1,-1,-1,-1
120,125,188.438,154.717,28.2858,64.1873,1,-1,-1,-1
120,127,576.42,152.687,58.7206,133.247,1,-1,-1,-1
121,28,1023.34,148.152,82.7602,187.804,1,-1,-1,-1
121,107,528.022,154.234,52.0973,118.218,1,-1,-1,-1
121,112,622.989,148.146,58.4178,132.56,1,-1,-1,-1
121,117,824.162,153.924,70.2551,159.424,1,-1,-1,-1
121,127,591.061,151.961,60.996,138.41,1,-1,-1,-1
122,107,537.184,159.715,50.1521,113.805,1,-1,-1,-1
122,112,630.277,149.213,58.3533,132.413,1,-1,-1,-1
122,117,821.758,149.827,79.2452,179.826,1,-1,-1,-1
122,127,601.649,157.072,56.5507,128.322,1,-1,-1,-1
123,107,545.105,157.144,51.3036,116.418,1,-1,-1,-1
123,112,634.281,151.181,60.6658,137.661,1,-1,-1,-1
123,127,610.664,183.909,49.1164,111.454,1,-1,-1,-1
124,107,553.259,155.423,51.9918,117.979,1,-1,-1,-1
124,112,640.323,156.411,59.3042,134.571,1,-1,-1,-1
124,125,176.493,156.215,31.0097,70.3687,1,-1,-1,-1
124,127,617.64,193.868,37.7873,85.7469,1,-1,-1,-1
124,132,590.372,172.094,40.7563,92.4849,1,-1,-1,-1
125,28,1101.68,146.932,85.0097,192.908,1,-1,-1,-1
125,107,556.853,154.407,52.3482,118.787,1,-1,-1,-1
125,112,633.722,150.595,63.9391,145.089,1,-1,-1,-1
125,125,165.606,151.365,41.9493,95.1935,1,-1,-1,-1
125,132,597.523,174.938,38.6284,87.6567,1,-1,-1,-1
126,107,562.409,153.896,52.4937,119.117,1,-1,-1,-1
126,112,640.761,147.111,66.3886,150.648,1,-1,-1,-1
126,117,859.016,147.549,85.2053,193.352,1,-1,-1,-1
126,132,604.024,175.673,38.0883,86.4313,1,-1,-1,-1
127,107,569.293,153.702,52.521,119.179,1,-1,-1,-1
127,112,646.808,153.64,62.1715,141.078,1,-1,-1,-1
127,117,875.034,147.028,86.045,195.258,1,-1,-1,-1
127,132,612.063,178.002,36.2551,82.2708,1,-1,-1,-1
128,107,578.768,163.504,42.8399,97.2114,1,-1,-1,-1
128,112,657.392,153.805,61.8099,140.257,1,-1,-1,-1
128,117,897.654,146.805,86.3082,195.855,1,-1,-1,-1
128,132,622.612,178.806,35.6128,80.8132,1,-1,-1,-1
129,107,584.912,160.502,44.5447,101.081,1,-1,-1,-1
129,112,659.308,154.807,64.6747,146.758,1,-1,-1,-1
129,117,916.225,146.751,86.2761,195.783,1,-1,-1,-1
129,125,150.013,152.443,32.9119,74.6852,1,-1,-1,-1
129,132,630.407,195.063,32.0242,72.6702,1,-1,-1,-1
130,107,588.401,156.991,48.5477,110.164,1,-1,-1,-1
130,112,668.082,150.583,69.9203,158.663,1,-1,-1,-1
130,117,931.936,146.779,86.1274,195.445,1,-1,-1,-1
130,125,148.744,152.633,29.9197,67.8952,1,-1,-1,-1
130,132,630.612,172.852,44.0739,100.013,1,-1,-1,-1
131,107,591.719,159.582,45.9804,104.339,1,-1,-1,-1
131,112,678.803,141.844,72.637,164.828,1,-1,-1,-1
131,117,945.887,146.836,85.9603,195.066,1,-1,-1,-1
131,125,145.19,152.181,31.5661,71.6311,1,-1,-1,-1
131,132,630.218,160.679,49.9191,113.276,1,-1,-1,-1
132,107,597.984,157.738,46.9891,106.628,1,-1,-1,-1
132,112,692.616,142.073,70.3921,159.734,1,-1,-1,-1
132,125,141.364,154.908,30.9332,70.195,1,-1,-1,-1
132,132,635.043,160.126,50.3377,114.227,1,-1,-1,-1
132,143,544.384,162.998,30.4499,69.0985,1,-1,-1,-1
133,107,607.165,160.002,50.1136,113.718,1,-1,-1,-1
133,112,697.054,143.978,72.209,163.858,1,-1,-1,-1
133,125,135.604,156.44,32.4374,73.6082,1,-1,-1,-1
133,132,645.943,160.68,50.0814,113.646,1,-1,-1,-1
133,143,549.485,163.542,30.2953,68.7477,1,-1,-1,-1
134,107,613.923,154.986,54.7465,124.23,1,-1,-1,-1
134,112,705.038,145.419,73.1167,165.918,1,-1,-1,-1
134,125,129.966,157.224,33.3421,75.6612,1,-1,-1,-1
134,132,653.153,170.48,45.2642,102.715,1,-1,-1,-1
134,143,552.493,160.218,32.3236,73.3501,1,-1,-1,-1
135,107,622.054,152.189,57.0921,129.553,1,-1,-1,-1
135,112,714.759,146.355,73.4657,166.711,1,-1,-1,-1
135,125,124.502,157.518,33.8218,76.7498,1,-1,-1,-1
135,132,663.389,172.71,42.0184,95.3495,1,-1,-1,-1
135,141,503.093,163.998,33.1117,75.1386,1,-1,-1,-1
135,143,558.283,164.444,31.5264,71.5411,1,-1,-1,-1
136,107,630.896,150.797,58.0833,131.802,1,-1,-1,-1
136,112,719.115,146.882,73.5105,166.813,1,-1,-1,-1
136,125,118.626,157.538,34.0297,77.2215,1,-1,-1,-1
136,132,668.097,162.393,47.5947,108.003,1,-1,-1,-1
136,141,505.437,165.416,32.2409,73.1627,1,-1,-1,-1
136,143,562.513,158.898,34.7989,78.9668,1,-1,-1,-1
137,107,634.854,150.255,58.3257,132.352,1,-1,-1,-1
137,112,732.988,145.872,69.9707,158.779,1,-1,-1,-1
137,125,111.341,152.69,37.8317,85.8492,1,-1,-1,-1
137,132,674.374,156.535,50.7268,115.109,1,-1,-1,-1
137,141,512.406,163.361,31.6079,71.7263,1,-1,-1,-1
137,143,567.718,155.725,36.5076,82.8439,1,-1,-1,-1
138,107,641.14,150.177,58.2068,132.082,1,-1,-1,-1
138,112,745.055,149.852,64.879,147.224,1,-1,-1,-1
138,125,103.955,154.534,36.2513,82.2628,1,-1,-1,-1
138,132,685.049,159.347,49.9669,113.385,1,-1,-1,-1
138,141,516.027,167.486,31.1874,70.772,1,-1,-1,-1
138,143,573.452,154.069,37.303,84.6488,1,-1,-1,-1
139,107,648.388,150.312,57.9594,131.52,1,-1,-1,-1
139,112,752.246,148.633,68.6685,155.824,1,-1,-1,-1
139,125,99.5088,151.244,36.8678,83.6614,1,-1,-1,-1
139,132,694.205,161.489,49.2811,111.83,1,-1,-1,-1
139,141,516.368,167.576,32.7198,74.2494,1,-1,-1,-1
139,143,580.579,157.916,35.8165,81.2755,1,-1,-1,-1
140,107,656.735,152.156,54.9449,124.679,1,-1,-1,-1
140,112,760.067,152.51,67.5247,153.228,1,-1,-1,-1
140,125,94.4723,149.399,37.153,84.3084,1,-1,-1,-1
140,132,700.538,161.739,51.1706,116.117,1,-1,-1,-1
140,141,520.647,166.888,35.4453,80.4337,1,-1,-1,-1
140,143,585.627,159.255,36.5774,83.002,1,-1,-1,-1
141,107,660.544,148.749,53.082,120.452,1,-1,-1,-1
141,112,770.635,149.969,70.4956,159.97,1,-1,-1,-1
141,125,90.6987,153.112,35.4696,80.4884,1,-1,-1,-1
141,132,707.53,161.923,52.1834,118.414,1,-1,-1,-1
141,141,526.231,166.49,36.849,83.6187,1,-1,-1,-1
141,143,591.099,159.978,36.9813,83.9185,1,-1,-1,-1
142,107,663.849,144.805,57.7279,130.994,1,-1,-1,-1
142,112,777.641,142.404,76.6009,173.824,1,-1,-1,-1
142,125,84.7587,150.874,36.2285,82.2103,1,-1,-1,-1
142,132,714.999,162.023,52.6342,119.436,1,-1,-1,-1
142,141,535.318,166.24,37.457,84.9982,1,-1,-1,-1
142,143,596.278,160.289,37.1554,84.3135,1,-1,-1,-1
142,150,767.172,278.804,36.463,82.7423,1,-1,-1,-1
143,112,790.713,143.99,75.5937,171.539,1,-1,-1,-1
143,125,78.6305,152.441,36.7036,83.2882,1,-1,-1,-1
143,132,721.026,160.87,55.632,126.239,1,-1,-1,-1
143,141,546.846,166.087,37.619,85.3655,1,-1,-1,-1
143,143,601.875,160.361,37.1981,84.4101,1,-1,-1,-1
144,112,803.84,145.277,74.6297,169.352,1,-1,-1,-1
144,125,73.0261,153.424,36.9641,83.8794,1,-1,-1,-1
144,132,728.586,160.263,57.1764,129.743,1,-1,-1,-1
144,141,552.562,166.004,37.5623,85.2367,1,-1,-1,-1
144,143,604.262,160.317,37.1767,84.3615,1,-1,-1,-1
145,112,806.915,140.356,78.1688,177.383,1,-1,-1,-1
145,125,66.5464,146.877,41.0875,93.2365,1,-1,-1,-1
145,132,736.492,154.764,57.8287,131.224,1,-1,-1,-1
145,141,557.543,165.967,37.4246,84.9243,1,-1,-1,-1
146,112,813.96,145.163,80.0546,181.662,1,-1,-1,-1
146,125,60.8269,150.089,39.4541,89.5297,1,-1,-1,-1
146,132,745.135,151.672,57.9821,131.572,1,-1,-1,-1
146,141,566.265,165.958,37.2807,84.5975,1,-1,-1,-1
147,112,823.679,148.2,80.8925,183.564,1,-1,-1,-1
147,125,53.2468,149.358,42.14,95.6249,1,-1,-1,-1
147,141,569.123,166.494,35.3864,80.2993,1,-1,-1,-1
148,112,842.505,149.853,81.1281,184.098,1,-1,-1,-1
148,125,44.024,152.473,41.5165,94.2105,1,-1,-1,-1
148,141,574.322,166.267,36.0739,81.8593,1,-1,-1,-1
148,143,637.774,158.546,39.4307,89.4766,1,-1,-1,-1
149,112,864.185,177.573,64.6812,146.777,1,-1,-1,-1
149,125,39.718,150.839,40.9739,92.9795,1,-1,-1,-1
149,143,644.698,152.733,44.7932,101.646,1,-1,-1,-1
150,125,32.5816,145.708,42.6474,96.7771,1,-1,-1,-1
150,143,651.003,147.913,50.0272,113.522,1,-1,-1,-1
151,125,27.713,146.82,41.5258,94.232,1,-1,-1,-1
151,143,657.481,151.231,47.762,108.382,1,-1,-1,-1
151,158,595.439,165.905,36.0609,81.8301,1,-1,-1,-1
152,125,21.2731,150.57,38.9992,88.498,1,-1,-1,-1
152,143,665.365,149.661,48.476,110.003,1,-1,-1,-1
152,158,600.705,169.222,36.9769,83.9084,1,-1,-1,-1
153,125,16.7482,149.926,41.4377,94.0318,1,-1,-1,-1
153,132,801.541,154.401,61.9125,140.49,1,-1,-1,-1
153,143,677.498,148.866,48.716,110.548,1,-1,-1,-1
153,159,906.316,143.243,87.42,198.379,1,-1,-1,-1
154,125,11.0728,149.517,40.8323,92.6582,1,-1,-1,-1
154,132,811.569,157.533,62.9201,142.776,1,-1,-1,-1
154,143,691.429,148.559,48.71,110.535,1,-1,-1,-1
154,159,924.862,144.149,86.987,197.396,1,-1,-1,-1
155,125,0.980356,142.498,47.8087,108.488,1,-1,-1,-1
155,132,819.03,168.691,57.9836,131.574,1,-1,-1,-1
155,159,953.262,149.241,75.4418,171.196,1,-1,-1,-1
156,125,0,141.275,48.9814,111.15,1,-1,-1,-1
156,132,816.958,162.012,63.1273,143.247,1,-1,-1,-1
156,159,962.413,147.817,80.3114,182.247,1,-1,-1,-1
157,125,0,147.26,43.3627,98.3995,1,-1,-1,-1
157,132,814.717,157.902,65.9311,149.609,1,-1,-1,-1
157,159,975.225,156.024,80.0779,181.716,1,-1,-1,-1
158,125,0,157.67,35.0443,79.5235,1,-1,-1,-1
158,159,986.138,159.419,83.1529,188.695,1,-1,-1,-1
158,167,849.066,155.108,57.7205,130.979,1,-1,-1,-1
159,159,1006.68,177.991,71.896,163.148,1,-1,-1,-1
159,167,856.996,149.012,66.0624,149.908,1,-1,-1,-1
159,169,6.9016,181.877,62.5165,141.86,1,-1,-1,-1
160,167,867.66,155.101,68.9437,156.446,1,-1,-1,-1
161,167,888.629,187.514,57.5558,130.606,1,-1,-1,-1
165,167,943.33,188.432,47.7825,108.427,1,-1,-1,-1
165,177,154.397,147.641,31.0151,70.3809,1,-1,-1,-1
165,179,1101.19,157.519,85.0473,192.993,1,-1,-1,-1
166,132,913.066,148.306,73.3632,166.478,1,-1,-1,-1
166,167,954.502,174.518,58.9904,133.86,1,-1,-1,-1
166,177,154.84,150.813,29.4263,66.7756,1,-1,-1,-1
166,179,1135.01,211.574,67.4687,153.102,1,-1,-1,-1
167,132,930.415,151.467,69.838,158.478,1,-1,-1,-1
167,177,152,152.333,28.6516,65.0175,1,-1,-1,-1
167,179,1148.02,185.335,77.2893,175.388,1,-1,-1,-1
168,177,148.293,153.053,28.2815,64.1777,1,-1,-1,-1
172,182,168.736,147.23,31.2186,70.8429,1,-1,-1,-1
173,182,165.333,147.278,31.1948,70.7888,1,-1,-1,-1
174,182,160.923,147.434,31.1176,70.6137,1,-1,-1,-1
175,132,1060.71,171.117,74.8927,169.95,1,-1,-1,-1
175,182,155.987,147.61,31.0303,70.4156,1,-1,-1,-1
175,194,244.475,213.442,30.9524,70.2389,1,-1,-1,-1
176,132,1069.35,157.792,81.4265,184.777,1,-1,-1,-1
176,182,153.716,147.763,30.9547,70.244,1,-1,-1,-1
177,132,1086.82,150.116,84.8872,192.631,1,-1,-1,-1
178,132,1102.17,153.85,86.4467,196.17,1,-1,-1,-1
178,197,767,280,37.006,83.974,1,-1,-1,-1
179,132,1116.13,156.692,86.9249,197.255,1,-1,-1,-1
179,197,764.883,284.871,34.8308,79.0384,1,-1,-1,-1
180,197,763.996,287.01,33.8545,76.8232,1,-1,-1,-1
181,197,765.436,283.569,35.4187,80.3726,1,-1,-1,-1
182,203,135.659,148.361,32.7723,74.3682,1,-1,-1,-1
183,203,131.825,150.22,32.1402,72.934,1,-1,-1,-1
184,203,128.563,148.001,33.6161,76.2831,1,-1,-1,-1
184,205,92.9153,148.726,30.8644,70.0389,1,-1,-1,-1
185,203,123.096,149.937,32.4496,73.636,1,-1,-1,-1
185,205,87.5726,146.556,33.1721,75.2757,1,-1,-1,-1
186,203,120.026,151.637,30.2437,68.6303,1,-1,-1,-1
186,205,82.3769,145.891,34.0743,77.3229,1,-1,-1,-1
187,203,116.632,152.096,30.3562,68.8856,1,-1,-1,-1
187,205,78.4168,148.773,32.625,74.0341,1,-1,-1,-1
188,203,112.936,149.317,32.3023,73.3017,1,-1,-1,-1
188,205,74.5488,150.571,31.6825,71.8955,1,-1,-1,-1
189,203,108.516,147.711,33.4054,75.8049,1,-1,-1,-1
189,205,70.1156,151.613,31.114,70.6055,1,-1,-1,-1
190,203,106.532,149.747,32.2447,73.171,1,-1,-1,-1
191,203,103.111,148.191,33.202,75.3433,1,-1,-1,-1
192,203,101.65,147.299,33.7321,76.5461,1,-1,-1,-1
193,203,98.4213,146.865,33.9791,77.1067,1,-1,-1,-1
193,205,44.1295,146.091,34.5648,78.4355,1,-1,-1,-1
194,203,93.5041,146.71,34.0583,77.2862,1,-1,-1,-1
194,205,39.2864,146.393,34.2786,77.7862,1,-1,-1,-1
195,203,88.23,146.704,34.0508,77.2693,1,-1,-1,-1
195,205,34.5006,146.646,34.0706,77.3142,1,-1,-1,-1
196,203,82.8618,146.762,34.0083,77.1729,1,-1,-1,-1
196,205,29.6945,146.827,33.9388,77.0151,1,-1,-1,-1
197,203,78.0932,144.49,35.8077,81.2557,1,-1,-1,-1
197,205,24.8392,146.939,33.8667,76.8515,1,-1,-1,-1
198,203,73.1859,143.258,36.7846,83.4723,1,-1,-1,-1
198,205,19.9332,146.998,33.8347,76.7789,1,-1,-1,-1
199,203,70.4804,147.846,35.4606,80.468,1,-1,-1,-1
199,205,12.6072,140.513,37.6023,85.3286,1,-1,-1,-1
200,203,66.1896,150.651,34.5586,78.4213,1,-1,-1,-1
200,205,9.24459,136.981,39.6015,89.8654,1,-1,-1,-1
201,203,61.4411,146.888,35.8713,81.3997,1,-1,-1,-1
201,205,10.8036,149.701,34.2552,77.7333,1,-1,-1,-1
202,203,56.464,144.519,36.6433,83.1515,1,-1,-1,-1
203,203,54.2716,143.213,37.0383,84.0477,1,-1,-1,-1
204,203,50.2335,146.089,37.1971,84.4079,1,-1,-1,-1
205,203,48.4821,144.431,37.2248,84.4706,1,-1,-1,-1
205,205,10.2151,153.233,41.8843,95.0458,1,-1,-1,-1
206,205,17.649,144.925,48.363,109.746,1,-1,-1,-1
207,205,25.7148,146.321,44.9033,101.896,1,-1,-1,-1
208,205,28.6035,147.401,40.6919,92.3389,1,-1,-1,-1
209,203,49.1496,160.19,34.224,77.662,1,-1,-1,-1
209,205,32.4383,144.255,41.936,95.1623,1,-1,-1,-1
