1,1,418,184,62.22,141.19,1,-1,-1,-1
1,2,54,184,74.286,168.57,1,-1,-1,-1
1,3,210,162,86.667,196.67,1,-1,-1,-1
1,4,134,179,68.041,154.4,1,-1,-1,-1
1,5,83,174,80,181.54,1,-1,-1,-1
1,6,33,228,56.877,129.07,1,-1,-1,-1
2,1,426.573,184,62.22,141.19,1,-1,-1,-1
2,2,54,184,74.286,168.57,1,-1,-1,-1
2,3,210,162,86.667,196.67,1,-1,-1,-1
2,4,140.662,183.749,62.5081,141.844,1,-1,-1,-1
2,5,83,174,80,181.54,1,-1,-1,-1
3,1,427.459,184,62.22,141.19,1,-1,-1,-1
3,2,54,184,74.286,168.57,1,-1,-1,-1
3,3,210,162,86.667,196.67,1,-1,-1,-1
3,5,90.8695,196.767,69.5795,157.892,1,-1,-1,-1
4,1,435.331,184,62.22,141.19,1,-1,-1,-1
4,2,54,184,74.286,168.57,1,-1,-1,-1
4,3,222.56,179.195,77.049,174.843,1,-1,-1,-1
4,5,90.7172,190.502,71.5333,162.325,1,-1,-1,-1
5,1,445.025,184,62.22,141.19,1,-1,-1,-1
5,2,62.4085,184,74.286,168.57,1,-1,-1,-1
5,3,230.588,178.477,77.4602,175.776,1,-1,-1,-1
5,5,90.334,195.752,72.6579,164.876,1,-1,-1,-1
6,1,453.286,189.694,58.8586,133.564,1,-1,-1,-1
6,2,66.017,184,74.286,168.57,1,-1,-1,-1
6,3,241.221,177.492,78.0217,177.05,1,-1,-1,-1
6,5,89.9827,197.688,73.3222,166.384,1,-1,-1,-1
7,1,456.701,192.566,57.139,129.662,1,-1,-1,-1
7,2,74.0914,184,74.286,168.57,1,-1,-1,-1
7,3,249.358,175.924,75.1094,170.441,1,-1,-1,-1
7,5,96.3297,198.171,73.7455,167.344,1,-1,-1,-1
8,1,462.324,193.848,56.3661,127.909,1,-1,-1,-1
8,2,71.4898,191.051,74.286,168.57,1,-1,-1,-1
8,3,263.792,175.285,77.1559,175.085,1,-1,-1,-1
8,5,93.1553,190.923,74.0182,167.963,1,-1,-1,-1
8,7,179.613,183.997,62.8218,142.556,1,-1,-1,-1
9,1,469.259,194.206,53.3218,121,1,-1,-1,-1
9,3,270.669,174.783,78.5537,178.257,1,-1,-1,-1
9,5,91.0157,186.537,74.1843,168.34,1,-1,-1,-1
9,7,189.577,187.266,50.6459,114.926,1,-1,-1,-1
10,1,469.919,188.687,57.879,131.341,1,-1,-1,-1
10,3,270.093,167.374,83.3764,189.202,1,-1,-1,-1
10,5,96.0738,184.179,74.2747,168.545,1,-1,-1,-1
11,1,474.653,179.738,60.5829,137.476,1,-1,-1,-1
11,3,271.317,170.148,82.1758,186.477,1,-1,-1,-1
11,5,99.0098,183.147,74.3151,168.636,1,-1,-1,-1
11,8,0,199.871,68.3063,155.002,1,-1,-1,-1
12,1,476.74,174.829,62.0216,140.741,1,-1,-1,-1
12,3,278.092,172.113,81.2193,184.307,1,-1,-1,-1
12,5,106.812,182.887,74.3262,168.661,1,-1,-1,-1
12,8,0,201.923,64.2378,145.769,1,-1,-1,-1
12,9,196.285,173.67,69.0557,156.703,1,-1,-1,-1
13,1,483.05,172.599,62.6589,142.187,1,-1,-1,-1
13,3,279.59,166.351,84.4555,191.651,1,-1,-1,-1
13,5,110.963,183.006,74.3226,168.653,1,-1,-1,-1
13,8,0,202.914,62.3785,141.55,1,-1,-1,-1
13,9,202.742,170.039,71.3003,161.796,1,-1,-1,-1
14,1,486.113,177.73,62.8363,142.589,1,-1,-1,-1
14,3,288.359,169.958,82.4269,187.047,1,-1,-1,-1
14,5,119.66,183.261,74.3135,168.633,1,-1,-1,-1
14,8,4.75847,203.338,61.6009,139.785,1,-1,-1,-1
14,9,205.755,170.176,71.5829,162.437,1,-1,-1,-1
15,1,487.176,181.181,62.785,142.473,1,-1,-1,-1
15,3,292.813,172.326,81.0581,183.941,1,-1,-1,-1
15,5,122.255,177.681,77.6584,176.224,1,-1,-1,-1
15,8,7.96279,203.453,61.3915,139.31,1,-1,-1,-1
15,9,219.131,174.472,67.8124,153.881,1,-1,-1,-1
16,1,494.653,183.125,59.6395,135.336,1,-1,-1,-1
16,3,294.529,173.677,80.2559,182.121,1,-1,-1,-1
16,5,130.988,180.369,76.2324,172.988,1,-1,-1,-1
16,8,9.64751,201.553,64.9497,147.385,1,-1,-1,-1
17,1,500.787,184.656,54.9665,124.732,1,-1,-1,-1
17,3,302.806,173.686,76.6047,173.834,1,-1,-1,-1
17,5,135.294,182.257,75.2239,170.699,1,-1,-1,-1
17,8,10.0548,200.507,67.0127,152.066,1,-1,-1,-1
18,1,504.751,184.728,58.3528,132.416,1,-1,-1,-1
18,3,306.982,179.973,74.5305,169.127,1,-1,-1,-1
18,5,143.785,183.416,74.6015,169.286,1,-1,-1,-1
18,8,14.988,201.645,64.7723,146.982,1,-1,-1,-1
19,1,512.671,184.707,57.4009,130.256,1,-1,-1,-1
19,3,314.87,177.599,76.9726,174.669,1,-1,-1,-1
19,5,147.822,184.027,74.2725,168.54,1,-1,-1,-1
19,8,18.0675,194.325,66.6543,151.253,1,-1,-1,-1
20,1,516.493,184.558,56.8866,129.09,1,-1,-1,-1
20,3,325.588,175.314,75.2912,170.853,1,-1,-1,-1
20,5,155.511,184.28,74.136,168.23,1,-1,-1,-1
20,8,18.7592,198.204,64.3978,146.132,1,-1,-1,-1
21,1,523.003,184.383,56.6663,128.591,1,-1,-1,-1
21,3,330.816,173.889,74.3631,168.746,1,-1,-1,-1
21,5,159.061,184.329,74.1092,168.169,1,-1,-1,-1
21,8,19.2682,199.092,66.3634,150.593,1,-1,-1,-1
22,1,531.157,184.23,56.6165,128.478,1,-1,-1,-1
22,3,339.01,173.109,73.9522,167.813,1,-1,-1,-1
22,5,167.072,184.282,74.1343,168.226,1,-1,-1,-1
22,8,23.8381,201.365,64.1907,145.662,1,-1,-1,-1
23,1,534.976,184.119,56.6492,128.552,1,-1,-1,-1
23,3,342.67,172.758,73.8469,167.574,1,-1,-1,-1
23,5,170.848,184.204,74.176,168.32,1,-1,-1,-1
23,8,27.9408,194.558,66.242,150.317,1,-1,-1,-1
24,1,536.147,183.971,59.8652,135.849,1,-1,-1,-1
24,3,345.268,166,81.316,184.524,1,-1,-1,-1
24,5,178.421,184.13,74.2162,168.412,1,-1,-1,-1
24,8,31.007,187.567,71.1642,161.486,1,-1,-1,-1
24,17,290.773,223.268,45.5703,103.409,1,-1,-1,-1
25,1,535.398,174.62,65.1102,147.751,1,-1,-1,-1
25,3,346.002,162.564,85.3572,193.695,1,-1,-1,-1
25,5,181.94,184.071,74.2475,168.483,1,-1,-1,-1
25,8,36.9561,186.848,70.2074,159.316,1,-1,-1,-1
26,1,540.205,172.874,64.4798,146.32,1,-1,-1,-1
26,5,183.026,177.673,74.2686,168.531,1,-1,-1,-1
26,8,39.8862,186.988,69.3578,157.388,1,-1,-1,-1
27,1,543.186,168.915,67.1025,152.271,1,-1,-1,-1
27,5,183.993,174.534,77.6363,176.173,1,-1,-1,-1
27,8,47.301,187.463,68.7264,155.955,1,-1,-1,-1
27,19,0,189.255,67.7288,153.691,1,-1,-1,-1
28,1,549.584,176.252,65.0846,147.692,1,-1,-1,-1
28,5,189.203,172.539,76.2236,172.968,1,-1,-1,-1
28,8,56.7656,187.981,68.3175,155.027,1,-1,-1,-1
28,19,0,189.199,67.7973,153.847,1,-1,-1,-1
29,1,557.991,180.957,63.6284,144.387,1,-1,-1,-1
29,3,375.882,174.126,80.4169,182.486,1,-1,-1,-1
29,5,191.773,178.159,75.2226,170.696,1,-1,-1,-1
29,8,61.4231,188.41,68.0875,154.505,1,-1,-1,-1
29,19,0,178.83,71.9283,163.221,1,-1,-1,-1
30,3,379.989,174.749,79.9632,181.456,1,-1,-1,-1
30,5,199.638,181.735,74.6038,169.291,1,-1,-1,-1
30,8,63.0958,188.712,67.9806,154.263,1,-1,-1,-1
30,19,4.92543,183.448,70.1605,159.209,1,-1,-1,-1
31,3,392.286,174.229,76.513,173.626,1,-1,-1,-1
31,5,203.648,183.71,74.2758,168.547,1,-1,-1,-1
31,8,69.5251,188.899,67.9479,154.189,1,-1,-1,-1
31,19,8.10675,186.382,69.0316,156.648,1,-1,-1,-1
32,3,394.967,174.348,77.8984,176.77,1,-1,-1,-1
32,5,211.566,184.604,74.1391,168.237,1,-1,-1,-1
32,8,72.5403,188.999,67.9532,154.201,1,-1,-1,-1
32,19,15.2304,188.128,68.3598,155.123,1,-1,-1,-1
33,1,568.306,154.421,91.9835,208.734,1,-1,-1,-1
33,3,405.701,173.748,75.605,171.565,1,-1,-1,-1
33,5,215.406,184.857,74.1115,168.174,1,-1,-1,-1
33,8,73.496,189.041,67.9735,154.247,1,-1,-1,-1
33,19,18.7908,189.042,68.0104,154.33,1,-1,-1,-1
33,22,340.02,183.81,58.4309,132.594,1,-1,-1,-1
34,1,572.2,158.421,81.6306,185.24,1,-1,-1,-1
34,3,407.417,173.891,77.7,176.319,1,-1,-1,-1
34,5,219.021,178.941,77.4973,175.858,1,-1,-1,-1
34,8,73.2681,180.11,75.1466,170.525,1,-1,-1,-1
34,19,13.7429,186.465,64.5578,146.496,1,-1,-1,-1
34,22,337,183.095,61.3174,139.143,1,-1,-1,-1
35,1,574.409,156.745,74.064,168.069,1,-1,-1,-1
35,3,417.069,173.402,75.7447,171.882,1,-1,-1,-1
35,5,231.331,181.234,76.116,172.723,1,-1,-1,-1
35,8,78.5209,183.835,72.1887,163.813,1,-1,-1,-1
35,19,9.55168,194.477,56.9109,129.143,1,-1,-1,-1
35,22,340.702,183.031,62.5059,141.84,1,-1,-1,-1
36,3,428.11,173.132,74.6042,169.293,1,-1,-1,-1
36,5,237.692,176.418,75.1504,170.532,1,-1,-1,-1
36,8,81.2624,186.504,70.0564,158.974,1,-1,-1,-1
36,19,7.23328,199.603,52.318,118.721,1,-1,-1,-1
36,22,342.233,183.182,62.9236,142.787,1,-1,-1,-1
36,26,39.7855,183.989,72.0979,163.606,1,-1,-1,-1
37,3,431.599,173.506,77.4173,175.677,1,-1,-1,-1
37,5,240.235,173.689,74.5616,169.196,1,-1,-1,-1
37,8,95.045,190.367,65.4553,148.532,1,-1,-1,-1
37,19,11.1941,192.198,53.1579,120.628,1,-1,-1,-1
37,22,348.502,183.397,62.9654,142.882,1,-1,-1,-1
37,26,38.7224,185.563,70.2685,159.454,1,-1,-1,-1
37,27,567.609,252.916,47.2376,107.193,1,-1,-1,-1
38,3,441.012,173.206,75.8132,172.037,1,-1,-1,-1
38,5,234.285,172.398,74.2551,168.5,1,-1,-1,-1
38,8,102.547,192.66,62.7417,142.374,1,-1,-1,-1
38,19,9.33216,183.892,61.2654,139.025,1,-1,-1,-1
38,22,357.427,183.604,62.8374,142.591,1,-1,-1,-1
38,26,47.2026,177.406,72.7865,165.168,1,-1,-1,-1
39,3,451.757,173.05,74.8122,169.765,1,-1,-1,-1
39,5,230.073,171.977,74.1318,168.22,1,-1,-1,-1
39,8,105.194,191.31,64.921,147.32,1,-1,-1,-1
39,19,13.6619,187.899,62.3407,141.465,1,-1,-1,-1
39,22,361.908,183.771,62.6591,142.187,1,-1,-1,-1
39,26,55.5592,182.438,70.5189,160.023,1,-1,-1,-1
40,1,528.574,162.08,87.2908,198.085,1,-1,-1,-1
40,5,233.925,205.625,62.1725,141.083,1,-1,-1,-1
40,8,112.023,190.287,66.4629,150.819,1,-1,-1,-1
40,19,16.1768,190.643,62.7642,142.426,1,-1,-1,-1
40,22,363.613,183.889,62.4941,141.812,1,-1,-1,-1
40,26,59.973,185.897,69.046,156.68,1,-1,-1,-1
40,31,277.831,176.787,56.9699,129.277,1,-1,-1,-1
41,1,518.606,162.379,87.6394,198.876,1,-1,-1,-1
41,5,235.982,191.15,67.5741,153.34,1,-1,-1,-1
41,8,113.905,180.241,71.1353,161.421,1,-1,-1,-1
41,19,17.9693,189.936,66.2276,150.285,1,-1,-1,-1
41,22,371.857,183.886,59.3455,134.669,1,-1,-1,-1
41,26,68.2097,187.997,68.2109,154.785,1,-1,-1,-1
41,31,274.975,171.113,68.3437,155.086,1,-1,-1,-1
42,1,514.089,162.423,87.5812,198.744,1,-1,-1,-1
42,5,233.551,174.867,74.6137,169.315,1,-1,-1,-1
42,8,115.288,183.834,70.0836,159.035,1,-1,-1,-1
42,19,18.7603,189.511,68.0042,154.317,1,-1,-1,-1
42,22,378.884,183.938,60.5725,137.452,1,-1,-1,-1
42,26,72.2554,189.092,67.8207,153.9,1,-1,-1,-1
42,31,281.208,169.888,72.9451,165.527,1,-1,-1,-1
43,1,497.121,162.352,87.3664,198.257,1,-1,-1,-1
43,3,460.493,154.869,86.4388,196.151,1,-1,-1,-1
43,5,242.515,171.957,75.1719,170.581,1,-1,-1,-1
43,8,121.184,186.414,69.2178,157.07,1,-1,-1,-1
43,19,18.9448,189.242,68.7475,156.003,1,-1,-1,-1
43,22,387.285,183.981,61.4219,139.38,1,-1,-1,-1
43,26,73.5719,180.561,74.881,169.922,1,-1,-1,-1
43,31,295.453,173.536,71.2311,161.638,1,-1,-1,-1
44,1,480.988,162.25,87.1323,197.726,1,-1,-1,-1
44,5,253.988,170.944,75.2256,170.703,1,-1,-1,-1
44,8,124.046,188.036,68.608,155.686,1,-1,-1,-1
44,19,25.1885,189.08,68.9147,156.383,1,-1,-1,-1
44,22,396.964,184.007,61.9405,140.556,1,-1,-1,-1
44,26,77.1713,175.271,75.4003,171.1,1,-1,-1,-1
44,33,290.132,186.539,69.0958,156.793,1,-1,-1,-1
45,1,466.88,174.599,80.0283,181.604,1,-1,-1,-1
45,8,131.399,188.921,68.2325,154.835,1,-1,-1,-1
45,19,28.605,188.994,68.8068,156.138,1,-1,-1,-1
45,22,405.401,188.965,56.532,128.284,1,-1,-1,-1
45,26,87.2655,181.684,71.9027,163.163,1,-1,-1,-1
45,33,296.659,218.83,53.0754,120.44,1,-1,-1,-1
46,8,135.035,189.311,68.0341,154.384,1,-1,-1,-1
46,19,30.1271,188.959,68.6045,155.679,1,-1,-1,-1
46,22,411.485,192.09,55.9602,126.987,1,-1,-1,-1
46,26,94.2122,177.179,76.5848,173.788,1,-1,-1,-1
46,33,297.627,231.22,46.5971,105.739,1,-1,-1,-1
47,3,485.922,156.993,79.5089,180.425,1,-1,-1,-1
47,8,136.357,189.412,67.9517,154.197,1,-1,-1,-1
47,19,36.319,188.952,68.4035,155.223,1,-1,-1,-1
47,22,418.95,188.391,55.9076,126.868,1,-1,-1,-1
47,26,97.3488,174.726,79.1731,179.662,1,-1,-1,-1
47,31,315.978,188.202,68.1703,154.693,1,-1,-1,-1
48,3,482.283,160.129,83.9078,190.407,1,-1,-1,-1
48,8,136.43,189.37,67.9352,154.16,1,-1,-1,-1
48,19,39.4819,188.959,68.2441,154.861,1,-1,-1,-1
48,22,421.48,185.814,59.2747,134.508,1,-1,-1,-1
48,26,108.472,176.15,73.7694,167.4,1,-1,-1,-1
48,31,321.97,189.967,67.9456,154.183,1,-1,-1,-1
49,8,141.743,189.276,67.95,154.194,1,-1,-1,-1
49,19,40.7173,188.971,68.1351,154.613,1,-1,-1,-1
49,22,427.061,189.614,58.1614,131.983,1,-1,-1,-1
49,26,114.157,183.259,70.1885,159.274,1,-1,-1,-1
49,31,328.143,181.16,71.5619,162.389,1,-1,-1,-1
50,8,150.808,189.18,67.975,154.25,1,-1,-1,-1
50,19,40.8858,188.982,68.0697,154.465,1,-1,-1,-1
50,22,434.531,172.508,75.9567,172.365,1,-1,-1,-1
50,26,115.162,178.189,71.8458,163.034,1,-1,-1,-1
50,31,333.247,179.265,70.0059,158.859,1,-1,-1,-1
51,8,156.615,179.774,71.6779,162.653,1,-1,-1,-1
51,19,46.929,188.99,68.0362,154.389,1,-1,-1,-1
51,22,438.79,164.496,84.4633,191.669,1,-1,-1,-1
51,26,121.673,174.994,73.0367,165.736,1,-1,-1,-1
51,31,339.392,174.926,72.5732,164.684,1,-1,-1,-1
52,8,163.779,183.689,70.1443,159.173,1,-1,-1,-1
52,19,52.9684,186.034,64.7206,146.865,1,-1,-1,-1
52,22,438.034,152.221,92.8039,210.597,1,-1,-1,-1
52,26,131.055,173.244,73.7899,167.445,1,-1,-1,-1
52,31,342.121,172.735,73.978,167.871,1,-1,-1,-1
53,8,169.362,177.175,72.6816,164.93,1,-1,-1,-1
53,19,55.9615,184.432,62.7524,142.399,1,-1,-1,-1
53,22,435.213,153.356,85.5912,194.228,1,-1,-1,-1
53,26,135.619,172.458,74.2071,168.392,1,-1,-1,-1
53,31,342.841,171.875,74.6252,169.34,1,-1,-1,-1
54,8,175.676,182.788,70.4988,159.977,1,-1,-1,-1
54,19,57.0366,188.893,61.7928,140.221,1,-1,-1,-1
54,22,433.234,155.578,80.0735,181.706,1,-1,-1,-1
54,26,136.033,165.827,77.7487,176.429,1,-1,-1,-1
54,31,352.429,177.456,63.0228,143.012,1,-1,-1,-1
54,43,294.525,173,74.286,168.57,1,-1,-1,-1
55,3,534.088,162.259,86.9851,197.392,1,-1,-1,-1
55,8,185.875,188.637,65.8021,149.319,1,-1,-1,-1
55,19,66.7254,191.223,53.5423,121.499,1,-1,-1,-1
55,22,430.18,161.617,72.9986,165.651,1,-1,-1,-1
55,26,136.542,168.618,76.3881,173.341,1,-1,-1,-1
55,31,360.733,174.931,68.3005,154.988,1,-1,-1,-1
55,43,302.818,173,74.286,168.57,1,-1,-1,-1
56,3,538.843,168.999,83.054,188.471,1,-1,-1,-1
56,8,185.583,180.362,70.1276,159.134,1,-1,-1,-1
56,19,64.8276,189.96,60.8116,137.995,1,-1,-1,-1
56,22,422.201,165.74,68.7627,156.038,1,-1,-1,-1
56,26,143.175,170.702,75.3764,171.045,1,-1,-1,-1
56,31,364.759,173.599,71.6423,162.571,1,-1,-1,-1
56,43,306.319,173,74.286,168.57,1,-1,-1,-1
56,44,416.84,265.851,38.9335,88.3489,1,-1,-1,-1
57,3,545.293,178.641,77.4772,175.814,1,-1,-1,-1
57,8,189.503,186.893,65.8563,149.442,1,-1,-1,-1
57,19,63.159,189.511,65.1158,147.762,1,-1,-1,-1
57,26,151.715,175.426,71.2002,161.568,1,-1,-1,-1
57,31,366.12,172.968,73.5469,166.893,1,-1,-1,-1
57,43,307.65,173,74.286,168.57,1,-1,-1,-1
57,44,409.174,261.139,41.3394,93.8086,1,-1,-1,-1
58,3,551.092,178.107,77.6973,176.314,1,-1,-1,-1
58,19,68.2098,189.317,67.4443,153.046,1,-1,-1,-1
58,26,164.11,174.739,72.3513,164.18,1,-1,-1,-1
58,31,371.109,204.015,60.6958,137.732,1,-1,-1,-1
58,43,314.36,173,74.286,168.57,1,-1,-1,-1
58,44,402.562,258.971,42.5799,96.6236,1,-1,-1,-1
59,3,563.947,176.479,74.9362,170.048,1,-1,-1,-1
59,19,76.7074,189.198,68.5242,155.496,1,-1,-1,-1
59,26,174.386,177.55,69.6337,158.014,1,-1,-1,-1
59,31,383.225,243.532,49.5621,112.467,1,-1,-1,-1
59,43,324.657,173,74.286,168.57,1,-1,-1,-1
59,44,400.026,257.961,43.2749,98.2008,1,-1,-1,-1
60,3,570.417,175.116,73.6067,167.03,1,-1,-1,-1
60,19,81.1761,189.112,68.8763,156.295,1,-1,-1,-1
60,43,336.236,173,74.286,168.57,1,-1,-1,-1
60,45,492.002,202.877,53.1452,120.601,1,-1,-1,-1
61,8,200.53,174.849,73.6334,167.09,1,-1,-1,-1
61,19,83.0248,189.052,68.854,156.245,1,-1,-1,-1
61,43,335.528,173,74.286,168.57,1,-1,-1,-1
61,45,497.299,216.817,47.7759,108.416,1,-1,-1,-1
62,19,85.0749,186.015,65.409,148.427,1,-1,-1,-1
62,43,342.85,157.309,86.5804,196.47,1,-1,-1,-1
62,45,499.718,193.31,51.8026,117.553,1,-1,-1,-1
63,19,84.0084,181.484,66.6182,151.171,1,-1,-1,-1
63,26,195.14,168.496,77.6724,176.256,1,-1,-1,-1
63,43,355.314,149.165,92.8805,210.769,1,-1,-1,-1
63,45,502.274,182.03,59.5922,135.229,1,-1,-1,-1
63,49,400.391,168.43,80.9703,183.74,1,-1,-1,-1
64,19,87.5195,175.488,71.1234,161.394,1,-1,-1,-1
64,26,210.75,172.964,73.0421,165.749,1,-1,-1,-1
64,45,503.792,178.074,62.9889,142.936,1,-1,-1,-1
64,49,414.982,174.61,71.8833,163.119,1,-1,-1,-1
65,19,91.0674,181.762,70.0067,158.86,1,-1,-1,-1
65,26,216.569,172.759,73.5511,166.903,1,-1,-1,-1
65,49,422.6,173.968,71.7538,162.825,1,-1,-1,-1
66,19,98.5388,185.9,69.1282,156.867,1,-1,-1,-1
66,26,218.485,172.724,73.9169,167.733,1,-1,-1,-1
66,49,430.034,177.229,68.3085,155.007,1,-1,-1,-1
67,19,108.14,190.497,65.2545,148.076,1,-1,-1,-1
67,43,343.946,169.178,78.5788,178.313,1,-1,-1,-1
67,49,434.451,175.282,70.5876,160.178,1,-1,-1,-1
67,51,200.704,160.828,80.8109,183.38,1,-1,-1,-1
68,19,113.021,187.834,62.9212,142.782,1,-1,-1,-1
68,43,354.233,172.705,75.1173,170.458,1,-1,-1,-1
68,45,531.472,175.684,60.7932,137.954,1,-1,-1,-1
68,49,439.724,177.568,68.5813,155.626,1,-1,-1,-1
68,51,212.722,167.475,77.5641,176.011,1,-1,-1,-1
69,19,115.42,182.965,65.2171,147.991,1,-1,-1,-1
69,43,360.406,167.362,73.4362,166.643,1,-1,-1,-1
69,45,539.437,179.334,58.8582,133.564,1,-1,-1,-1
69,49,447.95,211.04,54.8152,124.388,1,-1,-1,-1
69,51,217.275,170.797,75.8334,172.083,1,-1,-1,-1
70,19,121.727,180.122,66.7433,151.455,1,-1,-1,-1
70,43,363.546,170.755,72.8962,165.417,1,-1,-1,-1
70,45,548.29,186.968,54.8802,124.537,1,-1,-1,-1
70,49,450.773,227.936,47.7645,108.388,1,-1,-1,-1
70,51,220.936,165.817,78.3564,177.809,1,-1,-1,-1
70,53,315.741,258,43.854,99.515,1,-1,-1,-1
71,19,124.655,184.486,67.6429,153.496,1,-1,-1,-1
71,43,371.123,172.644,72.9571,165.555,1,-1,-1,-1
71,45,552.404,186.297,55.3648,125.637,1,-1,-1,-1
71,51,234.158,172.847,72.8524,165.318,1,-1,-1,-1
72,19,131.88,177.936,71.774,162.87,1,-1,-1,-1
72,43,374.906,173.511,73.2573,166.236,1,-1,-1,-1
72,45,555.204,175.883,62.691,142.261,1,-1,-1,-1
72,51,239.552,173.667,73.0946,165.868,1,-1,-1,-1
72,55,463.262,187.636,63.8781,144.953,1,-1,-1,-1
73,19,135.4,174.244,73.9583,167.827,1,-1,-1,-1
73,43,383.255,173.772,73.5954,167.003,1,-1,-1,-1
73,45,560.694,173.651,63.2413,143.509,1,-1,-1,-1
73,51,242.455,177.322,69.8481,158.501,1,-1,-1,-1
73,55,465.808,185.693,64.4385,146.225,1,-1,-1,-1
74,19,142.34,181.591,71.4161,162.058,1,-1,-1,-1
74,43,387.34,173.723,73.8795,167.648,1,-1,-1,-1
74,45,564.802,169.3,66.6401,151.222,1,-1,-1,-1
74,51,242.998,179.263,68.0594,154.442,1,-1,-1,-1
74,55,472.511,186.164,64.2882,145.883,1,-1,-1,-1
75,19,146.784,177.005,73.2224,166.157,1,-1,-1,-1
75,43,395.148,173.555,74.0825,168.108,1,-1,-1,-1
75,45,571.894,185.693,59.6029,135.253,1,-1,-1,-1
75,51,248.452,169.485,78.7,178.589,1,-1,-1,-1
75,55,478.614,185.107,67.3779,152.895,1,-1,-1,-1
76,19,153.676,183.444,70.6407,160.299,1,-1,-1,-1
76,43,398.822,173.37,74.2098,168.397,1,-1,-1,-1
76,45,573.75,186.299,60.6496,137.628,1,-1,-1,-1
76,51,263.41,176.991,77.2712,175.346,1,-1,-1,-1
76,55,484.294,187.668,65.4098,148.429,1,-1,-1,-1
77,19,158.018,178.063,72.617,164.783,1,-1,-1,-1
77,43,405.746,170.249,70.7356,160.514,1,-1,-1,-1
77,45,573.97,186.088,61.4093,139.351,1,-1,-1,-1
77,51,264.921,175.241,76.0519,172.578,1,-1,-1,-1
78,19,159.649,174.773,73.7768,167.415,1,-1,-1,-1
78,43,410.091,171.386,72.3058,164.077,1,-1,-1,-1
78,51,258.693,167.518,82.4783,187.162,1,-1,-1,-1
79,19,159.796,173.027,74.3649,168.749,1,-1,-1,-1
79,43,418.064,165.269,73.3656,166.482,1,-1,-1,-1
79,51,272.055,172.619,75.5776,171.503,1,-1,-1,-1
80,19,159.284,172.286,74.5954,169.272,1,-1,-1,-1
80,43,418.905,162.324,77.3645,175.557,1,-1,-1,-1
80,55,508.016,167.419,75.6824,171.74,1,-1,-1,-1
81,19,172.741,177.774,65.1876,147.925,1,-1,-1,-1
81,43,418.49,161.088,79.5282,180.468,1,-1,-1,-1
81,55,511.726,161.456,76.1175,172.727,1,-1,-1,-1
82,19,182.856,178.985,65.5173,148.673,1,-1,-1,-1
82,43,417.607,160.775,80.5197,182.718,1,-1,-1,-1
82,55,520.084,165.796,75.925,172.29,1,-1,-1,-1
82,63,226.695,265.363,39.5067,89.6498,1,-1,-1,-1
83,19,190.575,175.837,69.9555,158.744,1,-1,-1,-1
83,43,421.313,152.774,84.7092,192.225,1,-1,-1,-1
83,51,297.349,184.49,67.0826,152.225,1,-1,-1,-1
83,55,524.204,169.113,75.5062,171.34,1,-1,-1,-1
84,43,423.255,148.492,86.8135,197.001,1,-1,-1,-1
84,51,296.717,183.103,66.4022,150.681,1,-1,-1,-1
84,55,527.418,164.922,78.4049,177.918,1,-1,-1,-1
85,43,428.495,160.692,80.8179,183.395,1,-1,-1,-1
85,51,301.634,181.666,66.4579,150.807,1,-1,-1,-1
85,55,530.779,154.417,83.8458,190.266,1,-1,-1,-1
86,43,436.52,162.227,80.0571,181.669,1,-1,-1,-1
86,51,309.57,180.505,66.8128,151.613,1,-1,-1,-1
86,55,539.336,166.102,76.3843,173.333,1,-1,-1,-1
87,43,442.336,169.144,76.4586,173.502,1,-1,-1,-1
87,51,319.781,179.705,67.216,152.528,1,-1,-1,-1
87,55,545.593,170.575,74.8123,169.766,1,-1,-1,-1
88,43,444.954,172.918,74.4382,168.917,1,-1,-1,-1
88,51,324.744,179.224,67.5549,153.297,1,-1,-1,-1
88,55,558.701,176.38,70.4743,159.922,1,-1,-1,-1
88,64,186.769,184.001,75.1224,170.468,1,-1,-1,-1
89,43,450.826,168.092,76.9252,174.561,1,-1,-1,-1
89,51,326.48,178.975,67.7971,153.846,1,-1,-1,-1
89,55,571.145,179.468,68.0554,154.433,1,-1,-1,-1
89,64,181.053,184.014,74.8141,169.768,1,-1,-1,-1
90,43,453.556,164.83,78.5837,178.325,1,-1,-1,-1
90,51,322.993,168.388,71.6308,162.546,1,-1,-1,-1
90,55,574.044,177.099,70.7362,160.516,1,-1,-1,-1
90,64,178.434,184.018,74.5755,169.227,1,-1,-1,-1
91,43,453.195,154.694,83.503,189.489,1,-1,-1,-1
91,51,327.262,162.477,73.7293,167.307,1,-1,-1,-1
91,55,577.145,178.781,68.9381,156.436,1,-1,-1,-1
91,64,171.282,184.015,74.415,168.863,1,-1,-1,-1
92,43,459.947,149.146,86.1379,195.468,1,-1,-1,-1
92,51,329.429,159.701,74.7102,169.533,1,-1,-1,-1
92,55,581.249,176.005,71.6598,162.611,1,-1,-1,-1
92,64,154.481,184.012,74.3209,168.649,1,-1,-1,-1
93,43,464.543,154.584,83.5743,189.651,1,-1,-1,-1
93,51,330.256,165.738,75.0337,170.267,1,-1,-1,-1
93,55,585.621,177.701,69.724,158.219,1,-1,-1,-1
93,64,145.662,184.008,74.274,168.543,1,-1,-1,-1
94,43,466.587,158.425,81.7376,185.483,1,-1,-1,-1
94,51,332.608,173.127,71.5103,162.272,1,-1,-1,-1
94,64,142.013,184.004,74.2567,168.503,1,-1,-1,-1
95,43,474.029,160.129,77.3662,175.562,1,-1,-1,-1
95,51,344.112,167.101,72.8718,165.361,1,-1,-1,-1
95,64,134.354,184.002,74.2554,168.501,1,-1,-1,-1
96,43,477.819,161.119,74.8074,169.755,1,-1,-1,-1
96,51,350.384,163.314,73.729,167.306,1,-1,-1,-1
96,64,131.05,184.001,74.2611,168.514,1,-1,-1,-1
96,73,375.11,164.694,75.0083,170.209,1,-1,-1,-1
97,43,479.118,153.697,81.0434,183.907,1,-1,-1,-1
97,51,354.864,154.245,77.5605,176.002,1,-1,-1,-1
97,64,123.902,184,74.2687,168.531,1,-1,-1,-1
97,76,521.242,172.729,74.5708,169.216,1,-1,-1,-1
98,43,479.302,149.558,84.6863,192.174,1,-1,-1,-1
98,51,354.624,169.079,69.837,158.475,1,-1,-1,-1
98,64,125.196,194.687,67.5619,153.312,1,-1,-1,-1
98,76,520.07,176.91,70.2048,159.309,1,-1,-1,-1
99,43,478.932,147.548,86.5805,196.473,1,-1,-1,-1
99,64,115.416,190.021,70.5205,160.025,1,-1,-1,-1
99,76,520.607,174.938,72.2585,163.969,1,-1,-1,-1
100,43,485.174,160.924,80.5234,182.726,1,-1,-1,-1
100,64,110.4,186.854,72.5086,164.537,1,-1,-1,-1
100,73,375.8,163.883,72.8102,165.221,1,-1,-1,-1
100,76,521.23,173.85,73.3956,166.55,1,-1,-1,-1
101,43,488.666,169.211,76.5419,173.691,1,-1,-1,-1
101,64,109.553,194.158,70.1227,159.123,1,-1,-1,-1
101,73,381.817,161.276,74.0274,167.983,1,-1,-1,-1
101,76,527.814,202.757,61.8515,140.354,1,-1,-1,-1
101,78,94.514,262.32,41.1712,93.4268,1,-1,-1,-1
102,43,496.602,173.564,74.3301,168.671,1,-1,-1,-1
102,73,385.2,160.13,74.5855,169.25,1,-1,-1,-1
102,78,91.3503,264.044,39.9901,90.7467,1,-1,-1,-1
103,43,507.017,175.307,73.3678,166.487,1,-1,-1,-1
103,73,386.789,159.83,74.7574,169.64,1,-1,-1,-1
103,78,88.875,269.297,37.4984,85.092,1,-1,-1,-1
104,43,512.23,175.57,73.1486,165.99,1,-1,-1,-1
104,73,393.665,159.944,74.7328,169.584,1,-1,-1,-1
104,78,84.9191,271.885,36.3411,82.4656,1,-1,-1,-1
104,81,542.732,165.838,74.996,170.184,1,-1,-1,-1
105,43,522.8,168.685,76.6898,174.026,1,-1,-1,-1
105,64,76.8112,178.158,70.4505,159.867,1,-1,-1,-1
105,73,402.991,170.529,71.1016,161.344,1,-1,-1,-1
106,43,527.941,164.463,78.8144,178.848,1,-1,-1,-1
106,64,73.7567,180.645,73.1103,165.902,1,-1,-1,-1
106,73,407.776,176.798,68.8826,156.309,1,-1,-1,-1
107,43,534.321,168.5,76.6815,174.007,1,-1,-1,-1
107,64,66.7891,182.422,74.4431,168.927,1,-1,-1,-1
107,73,415.428,179.92,67.7507,153.741,1,-1,-1,-1
108,43,539.263,164.778,78.5848,178.327,1,-1,-1,-1
108,64,63.6974,183.504,74.9644,170.11,1,-1,-1,-1
108,73,425.342,181.055,67.3276,152.781,1,-1,-1,-1
109,43,552.062,168.97,76.3979,173.364,1,-1,-1,-1
109,64,58.2288,178.252,78.3713,177.841,1,-1,-1,-1
109,73,435.851,181.111,67.2958,152.709,1,-1,-1,-1
109,83,329.58,161.208,80.405,182.458,1,-1,-1,-1
110,43,547.491,165.207,78.3453,177.784,1,-1,-1,-1
110,64,53.5585,180.941,76.8443,174.376,1,-1,-1,-1
110,84,410.981,161,74.286,168.57,1,-1,-1,-1
110,85,467.301,193.528,61.4761,139.502,1,-1,-1,-1
111,43,548.231,169.303,76.2183,172.956,1,-1,-1,-1
111,64,51.6829,182.71,75.669,171.709,1,-1,-1,-1
111,84,415.624,161.651,78.3339,177.757,1,-1,-1,-1
112,43,550.972,165.424,78.2337,177.53,1,-1,-1,-1
112,64,46.7315,184.854,78.2137,177.484,1,-1,-1,-1
112,84,420.397,161.306,76.4026,173.374,1,-1,-1,-1
113,43,555.597,169.43,76.1547,172.812,1,-1,-1,-1
113,84,422.224,161.133,75.2701,170.804,1,-1,-1,-1
114,43,557.846,171.874,74.8757,169.909,1,-1,-1,-1
114,84,427.232,165.061,71.0324,161.188,1,-1,-1,-1
114,85,449.061,184.993,65.217,147.991,1,-1,-1,-1
115,43,562.066,173.661,77.5663,176.015,1,-1,-1,-1
115,85,440.682,180.405,67.2264,152.551,1,-1,-1,-1
116,43,567.513,173.919,75.8856,172.201,1,-1,-1,-1
116,85,436.624,178.212,68.2179,154.801,1,-1,-1,-1
117,43,576.481,173.853,74.8363,169.82,1,-1,-1,-1
117,85,435.204,177.457,68.5943,155.655,1,-1,-1,-1
119,90,10.6161,185.588,72.2775,164.013,1,-1,-1,-1
120,90,7.99696,177.386,77.7581,176.45,1,-1,-1,-1
120,91,457.805,173.932,57.5563,130.609,1,-1,-1,-1
121,85,406.732,174.667,74.0142,167.954,1,-1,-1,-1
121,90,7.23859,180.335,76.3914,173.349,1,-1,-1,-1
121,91,467.548,167.862,63.7853,144.744,1,-1,-1,-1
122,85,411.863,172.898,74.7879,169.709,1,-1,-1,-1
122,90,0,182.123,75.4919,171.307,1,-1,-1,-1
122,91,468.896,161.22,70.7094,160.455,1,-1,-1,-1
122,94,500.382,179,68.041,154.4,1,-1,-1,-1
123,90,0,183.207,74.8977,169.959,1,-1,-1,-1
123,91,469.036,158.771,73.8594,167.603,1,-1,-1,-1
123,94,503.817,179,68.041,154.4,1,-1,-1,-1
124,91,475.022,158.213,75.1969,170.638,1,-1,-1,-1
125,91,477.919,158.527,75.5754,171.497,1,-1,-1,-1
126,85,448.562,168.658,76.5943,173.809,1,-1,-1,-1
126,91,485.898,159.156,75.4768,171.273,1,-1,-1,-1
127,85,454.006,171.433,78.7162,178.625,1,-1,-1,-1
127,91,496.779,170.078,71.6942,162.689,1,-1,-1,-1
127,98,377.341,181.909,67.5529,153.292,1,-1,-1,-1
128,85,459.833,175.793,73.1574,166.01,1,-1,-1,-1
128,91,508.048,166.177,72.8995,165.424,1,-1,-1,-1
128,98,377.057,187.776,64.9815,147.457,1,-1,-1,-1
129,85,465.613,168.504,76.6331,173.898,1,-1,-1,-1
129,91,513.392,173.84,70.1133,159.102,1,-1,-1,-1
129,98,371.044,190.758,63.5862,144.29,1,-1,-1,-1
130,85,476.568,167.485,71.9401,163.248,1,-1,-1,-1
130,91,515.173,178.173,68.4761,155.387,1,-1,-1,-1
130,98,368.495,192.324,62.7964,142.498,1,-1,-1,-1
131,85,487.725,167.275,69.0617,156.717,1,-1,-1,-1
131,91,521.433,180.186,67.6836,153.589,1,-1,-1,-1
132,85,492.293,170.17,71.2999,161.795,1,-1,-1,-1
132,91,524.192,180.793,67.4204,152.991,1,-1,-1,-1
133,85,486.558,165.503,76.2572,173.045,1,-1,-1,-1
133,91,530.686,180.681,67.4372,153.03,1,-1,-1,-1
134,85,489.163,162.927,79.0179,179.31,1,-1,-1,-1
134,91,545.837,180.288,67.5687,153.328,1,-1,-1,-1
135,85,497.76,161.685,80.3539,182.342,1,-1,-1,-1
135,91,547.918,179.858,67.7213,153.674,1,-1,-1,-1
136,85,507.42,160.555,77.6223,176.143,1,-1,-1,-1
136,91,553.567,179.5,67.8513,153.97,1,-1,-1,-1
137,85,512.245,167.139,75.7566,171.908,1,-1,-1,-1
137,91,560.43,187.273,64.6387,146.679,1,-1,-1,-1
138,91,565.184,183.653,66.1358,150.076,1,-1,-1,-1
139,91,573.811,189.099,60.8508,138.085,1,-1,-1,-1
140,91,576.742,184.098,64.2638,145.829,1,-1,-1,-1
140,103,305.099,193.663,62.22,141.19,1,-1,-1,-1
141,103,302.317,194.189,62.22,141.19,1,-1,-1,-1
142,103,293.72,185.165,66.0027,149.774,1,-1,-1,-1
143,103,294.93,192.408,56.4079,128.002,1,-1,-1,-1
144,103,289.018,193.353,55.5717,126.105,1,-1,-1,-1
145,103,286.147,193.68,55.4756,125.888,1,-1,-1,-1
146,103,279.899,193.678,55.7206,126.444,1,-1,-1,-1
147,103,276.87,198.15,53.2525,120.843,1,-1,-1,-1
148,103,271.199,200.043,49.5793,112.507,1,-1,-1,-1
149,103,254.484,196.333,56.3661,127.908,1,-1,-1,-1
150,103,245.811,194.355,60.1917,136.589,1,-1,-1,-1
151,103,238.148,190.94,65.5784,148.812,1,-1,-1,-1
152,103,235.159,189.257,68.2196,154.806,1,-1,-1,-1
153,103,232.905,190.698,66.0275,149.831,1,-1,-1,-1
154,103,227.394,191.796,64.3054,145.923,1,-1,-1,-1
155,103,224.995,192.521,63.1371,143.272,1,-1,-1,-1
156,103,218.617,192.934,62.449,141.71,1,-1,-1,-1
157,103,210.392,193.124,62.1092,140.939,1,-1,-1,-1
158,103,209.799,202.2,56.282,127.716,1,-1,-1,-1
159,103,205.889,207.659,52.7389,119.676,1,-1,-1,-1
160,103,194.31,206.487,57.2485,129.909,1,-1,-1,-1
160,108,46.0921,184,62.22,141.19,1,-1,-1,-1
161,103,196.987,203.497,51.9287,117.838,1,-1,-1,-1
161,108,46.5244,184,62.22,141.19,1,-1,-1,-1
162,103,185.033,203.093,57.2788,129.978,1,-1,-1,-1
162,108,46.4347,184,62.22,141.19,1,-1,-1,-1
163,103,178.825,203.07,60.4039,137.069,1,-1,-1,-1
164,103,176.267,203.103,62.0445,140.792,1,-1,-1,-1
165,103,167.644,194.978,66.1598,150.131,1,-1,-1,-1
166,103,163.504,190.413,68.2023,154.766,1,-1,-1,-1
167,103,156.292,188.217,69.0132,156.606,1,-1,-1,-1
168,103,150.034,195.41,65.9092,149.562,1,-1,-1,-1
171,111,49.3915,162.77,79.4668,180.329,1,-1,-1,-1
175,111,55.2637,168.093,74.7397,169.602,1,-1,-1,-1
177,115,99.7642,180.729,71.1651,161.492,1,-1,-1,-1
178,115,93.6648,181.767,71.2124,161.598,1,-1,-1,-1
179,115,89.3168,173.156,74.6392,169.374,1,-1,-1,-1
180,115,82.654,179.277,72.2665,163.989,1,-1,-1,-1
181,115,81.2809,191.61,67.2666,152.643,1,-1,-1,-1
182,115,73.7585,191.035,67.4204,152.992,1,-1,-1,-1
183,115,65.1054,165.979,78.986,179.237,1,-1,-1,-1
184,115,63.5956,177.029,68.8505,156.239,1,-1,-1,-1
185,115,56.6728,191.49,64.5536,146.487,1,-1,-1,-1
186,115,53.457,200.064,62.1658,141.068,1,-1,-1,-1
187,115,53.4357,210.909,53.1622,120.637,1,-1,-1,-1
188,115,47.2595,209.473,56.4881,128.184,1,-1,-1,-1
189,115,39.0061,201.801,59.0296,133.951,1,-1,-1,-1
190,115,33.197,211.844,57.619,130.751,1,-1,-1,-1
191,115,26.6352,208.247,60.0078,136.171,1,-1,-1,-1
192,115,23.751,205.684,61.4411,139.423,1,-1,-1,-1
193,115,17.7983,209.267,62.1951,141.134,1,-1,-1,-1
194,115,15.1245,206.14,62.5155,141.861,1,-1,-1,-1
195,115,8.60051,204.176,62.5897,142.029,1,-1,-1,-1
196,115,5.51941,203.106,62.5453,141.928,1,-1,-1,-1
197,115,4.48797,207.177,59.4422,134.888,1,-1,-1,-1
198,115,0,209.74,57.5535,130.603,1,-1,-1,-1
199,115,0,206.395,59.759,135.607,1,-1,-1,-1
200,115,0,208.934,58.0869,131.814,1,-1,-1,-1
