1,1,444,130,104,236,1,-1,-1,-1
1,2,389,147,94.545,214.55,1,-1,-1,-1
1,3,339,217,26,59,1,-1,-1,-1
2,1,459.242,130,104,236,1,-1,-1,-1
2,2,389,147,94.545,214.55,1,-1,-1,-1
2,3,342.81,213.19,26,59,1,-1,-1,-1
3,1,447.595,122.922,111.082,252.067,1,-1,-1,-1
3,2,389,147,94.545,214.55,1,-1,-1,-1
3,3,336.161,212.796,26,59,1,-1,-1,-1
4,1,455.762,127.275,106.719,242.169,1,-1,-1,-1
4,2,402.829,195.886,74.3897,168.81,1,-1,-1,-1
5,1,459.065,129.16,104.838,237.9,1,-1,-1,-1
5,2,395.137,169.07,85.7605,194.614,1,-1,-1,-1
6,1,470.592,131.783,98.0746,222.555,1,-1,-1,-1
6,2,391.554,156.254,90.9185,206.319,1,-1,-1,-1
7,1,476.129,133.185,94.6665,214.822,1,-1,-1,-1
7,2,398.818,149.724,93.4857,212.145,1,-1,-1,-1
8,1,478.315,131.798,98.9422,224.524,1,-1,-1,-1
8,2,406.251,147.04,90.1797,204.643,1,-1,-1,-1
8,4,375.764,190.85,53.4232,121.23,1,-1,-1,-1
9,1,478.806,130.924,101.668,230.71,1,-1,-1,-1
9,2,406.624,145.549,92.6611,210.274,1,-1,-1,-1
9,4,380.713,210.156,45.2426,102.666,1,-1,-1,-1
10,1,478.459,130.395,103.264,234.331,1,-1,-1,-1
10,2,414.365,145.237,94.0654,213.461,1,-1,-1,-1
10,4,380.632,186.888,56.715,128.699,1,-1,-1,-1
11,1,486.43,139.801,98.7275,224.038,1,-1,-1,-1
11,2,418.376,145.473,94.749,215.012,1,-1,-1,-1
11,4,380.804,176.061,61.6269,139.845,1,-1,-1,-1
12,1,491.324,135.452,101.39,230.08,1,-1,-1,-1
12,2,422.829,146.345,90.5453,205.472,1,-1,-1,-1
12,4,377.854,167.825,67.0571,152.167,1,-1,-1,-1
13,1,493.538,132.522,103.029,233.797,1,-1,-1,-1
13,2,430.546,146.523,92.4885,209.882,1,-1,-1,-1
13,4,376.123,164.554,69.396,157.475,1,-1,-1,-1
14,1,497.014,126.065,108.617,246.477,1,-1,-1,-1
14,2,434.311,146.709,93.7186,212.674,1,-1,-1,-1
14,4,375.176,163.891,70.0903,159.05,1,-1,-1,-1
15,1,498.522,122.608,111.581,253.202,1,-1,-1,-1
15,2,441.934,136.892,99.985,226.893,1,-1,-1,-1
15,4,384.351,163.377,63.947,145.111,1,-1,-1,-1
16,1,505.162,125.553,108.375,245.927,1,-1,-1,-1
16,2,447.333,141.218,97.9389,222.25,1,-1,-1,-1
16,4,386.439,164.745,66.1273,150.058,1,-1,-1,-1
17,2,448.303,129.588,106.642,241.996,1,-1,-1,-1
17,4,388.959,163.666,64.0842,145.421,1,-1,-1,-1
18,2,456.796,127.953,106.604,241.91,1,-1,-1,-1
18,4,396.934,164.937,59.819,135.744,1,-1,-1,-1
19,2,461.035,127.679,106.058,240.672,1,-1,-1,-1
19,4,398.197,154.229,63.9619,145.145,1,-1,-1,-1
20,2,462.609,118.788,105.407,239.193,1,-1,-1,-1
20,4,385.511,138.713,83.123,188.627,1,-1,-1,-1
21,2,462.738,123.304,104.843,237.913,1,-1,-1,-1
21,4,391.211,135.578,80.856,183.481,1,-1,-1,-1
22,2,462.23,126.585,104.431,236.978,1,-1,-1,-1
22,4,396.534,175.26,69.6523,158.058,1,-1,-1,-1
23,2,463.261,123.973,108.863,247.034,1,-1,-1,-1
23,4,404.7,158.573,71.6108,162.502,1,-1,-1,-1
24,2,471.036,136.645,101.525,230.384,1,-1,-1,-1
24,4,400.803,140.7,91.5844,207.826,1,-1,-1,-1
25,2,475.429,134.501,102.275,232.086,1,-1,-1,-1
25,4,410.318,177.223,81.7621,185.537,1,-1,-1,-1
26,2,486.65,132.672,102.945,233.607,1,-1,-1,-1
27,2,492.483,140.603,103.444,234.738,1,-1,-1,-1
28,2,504.095,135.808,103.767,235.473,1,-1,-1,-1
28,11,365.668,224.443,27.6093,62.6527,1,-1,-1,-1
29,9,303.821,217.056,26,59,1,-1,-1,-1
30,9,303.159,214.868,26,59,1,-1,-1,-1
31,9,302.849,215.881,26,59,1,-1,-1,-1
31,15,418.503,221.525,25.8204,58.5926,1,-1,-1,-1
32,9,302.749,216.539,26,59,1,-1,-1,-1
32,15,421.076,220.496,27.3468,62.0565,1,-1,-1,-1
33,9,302.759,216.911,26,59,1,-1,-1,-1
33,15,425.835,221.179,26.5526,60.2543,1,-1,-1,-1
33,18,329.657,224.372,27.8541,63.2076,1,-1,-1,-1
34,9,305.128,217.086,26,59,1,-1,-1,-1
34,15,427.917,221.427,26.1387,59.315,1,-1,-1,-1
34,18,330.737,221.424,28.4779,64.6235,1,-1,-1,-1
35,9,304.197,217.142,26,59,1,-1,-1,-1
35,18,325.249,216.77,30.2933,68.7428,1,-1,-1,-1
36,9,303.558,217.136,26,59,1,-1,-1,-1
36,16,351.069,221.135,25.6081,58.111,1,-1,-1,-1
36,18,322.38,214.499,31.0735,70.5132,1,-1,-1,-1
37,9,303.741,218.235,27.3689,62.1066,1,-1,-1,-1
37,16,351.636,221.682,25.2464,57.2899,1,-1,-1,-1
38,9,300.984,220.02,26.7912,60.7956,1,-1,-1,-1
38,15,438.043,219.635,27.6767,62.8052,1,-1,-1,-1
38,16,354.061,221.77,25.2507,57.2997,1,-1,-1,-1
38,21,323.953,220.672,29.3786,66.6671,1,-1,-1,-1
39,16,355.274,223.965,25.4095,57.6601,1,-1,-1,-1
39,21,333.548,221.305,27.4261,62.2363,1,-1,-1,-1
40,16,353.411,225.1,25.5984,58.0887,1,-1,-1,-1
40,18,316.928,222.337,28.0776,63.715,1,-1,-1,-1
40,21,337.363,221.528,26.4167,59.9458,1,-1,-1,-1
41,16,352.132,225.559,25.7602,58.4558,1,-1,-1,-1
41,18,315.685,224.82,26.4201,59.9536,1,-1,-1,-1
41,21,338.474,221.537,25.9296,58.8403,1,-1,-1,-1
42,9,288.364,219.694,30.4023,68.99,1,-1,-1,-1
42,15,440.677,223.559,28.0867,63.7358,1,-1,-1,-1
42,18,315.037,225.94,25.6014,58.0957,1,-1,-1,-1
43,9,285.822,221.743,29.5076,66.9599,1,-1,-1,-1
43,15,439.928,223.448,28.3422,64.3157,1,-1,-1,-1
43,18,314.76,226.224,25.3335,57.4878,1,-1,-1,-1
44,15,444.055,223.309,28.4457,64.5506,1,-1,-1,-1
44,18,314.692,226.089,25.3593,57.5461,1,-1,-1,-1
45,15,446.401,220.869,28.4644,64.593,1,-1,-1,-1
45,18,312.411,223.493,25.5029,57.8719,1,-1,-1,-1
45,21,349.185,223.16,25.8321,58.619,1,-1,-1,-1
45,24,264.62,220.325,28.326,64.279,1,-1,-1,-1
45,25,328.03,217.649,26,59,1,-1,-1,-1
46,15,449.813,222.897,27.1272,61.5583,1,-1,-1,-1
46,18,311.16,221.887,25.6657,58.2414,1,-1,-1,-1
46,21,348.95,221.888,25.891,58.7526,1,-1,-1,-1
46,24,257.006,215.876,30.1145,68.3374,1,-1,-1,-1
46,26,292.123,214.362,27.5774,62.5799,1,-1,-1,-1
47,15,454.394,223.04,27.6655,62.78,1,-1,-1,-1
47,18,310.6,221.028,25.8028,58.5526,1,-1,-1,-1
47,21,350.763,221.169,25.9383,58.86,1,-1,-1,-1
47,24,247.425,203.469,36.9666,83.8861,1,-1,-1,-1
47,26,291.247,218.343,26.4772,60.0832,1,-1,-1,-1
48,15,456.656,220.782,28.0251,63.596,1,-1,-1,-1
48,18,312.758,220.66,25.901,58.7753,1,-1,-1,-1
48,21,351.575,223.149,25.971,58.9342,1,-1,-1,-1
48,26,290.898,220.219,25.9919,58.9818,1,-1,-1,-1
49,15,459.201,225.225,26.9122,61.0705,1,-1,-1,-1
49,18,311.817,222.887,25.9626,58.9151,1,-1,-1,-1
49,21,351.798,224.364,25.9907,58.979,1,-1,-1,-1
49,25,326.544,220.924,26,59,1,-1,-1,-1
49,26,290.761,219.847,27.2393,61.8126,1,-1,-1,-1
50,15,460.813,224.408,27.5975,62.6257,1,-1,-1,-1
50,18,311.252,224.261,25.9962,58.9915,1,-1,-1,-1
50,21,351.729,225.006,26.0009,59.0021,1,-1,-1,-1
50,25,325.447,219.9,27.3751,62.1205,1,-1,-1,-1
50,26,290.757,219.558,27.9357,63.393,1,-1,-1,-1
51,15,464.219,223.78,28.0312,63.6099,1,-1,-1,-1
51,18,310.962,224.992,26.0112,59.0254,1,-1,-1,-1
51,21,351.55,225.276,26.0051,59.0115,1,-1,-1,-1
51,25,326.058,220.453,26.7914,60.7961,1,-1,-1,-1
51,26,289.049,216.399,29.7896,67.5999,1,-1,-1,-1
52,15,467.538,221.013,29.7587,67.5298,1,-1,-1,-1
52,18,308.535,225.302,26.0152,59.0345,1,-1,-1,-1
52,21,351.362,225.333,26.0057,59.0131,1,-1,-1,-1
52,25,326.511,223.121,26.379,59.8601,1,-1,-1,-1
52,26,288.136,214.626,30.7478,69.7742,1,-1,-1,-1
52,29,260.204,164.927,25.796,58.5373,1,-1,-1,-1
53,15,469.617,224.071,29.2404,66.3538,1,-1,-1,-1
53,18,309.508,225.371,26.0138,59.0312,1,-1,-1,-1
53,21,348.895,225.289,26.0049,59.011,1,-1,-1,-1
53,25,323.32,221.138,27.4902,62.3819,1,-1,-1,-1
53,26,287.728,213.76,31.1632,70.7166,1,-1,-1,-1
53,29,256.169,164.868,25.6252,58.1497,1,-1,-1,-1
54,15,470.369,225.966,28.8321,65.4273,1,-1,-1,-1
54,18,310.225,225.324,26.0103,59.0235,1,-1,-1,-1
54,21,347.466,225.211,26.0035,59.0079,1,-1,-1,-1
54,25,322.657,223.336,26.784,60.7794,1,-1,-1,-1
54,26,284.721,216.336,31.2724,70.9645,1,-1,-1,-1
54,29,251.95,162.345,25.6286,58.1573,1,-1,-1,-1
55,15,470.405,226.979,28.5543,64.7969,1,-1,-1,-1
55,18,306.062,225.237,26.0068,59.0154,1,-1,-1,-1
55,21,344.454,225.135,26.0022,59.005,1,-1,-1,-1
55,25,318.976,223.444,27.6735,62.7979,1,-1,-1,-1
55,26,285.99,215.079,31.2316,70.8718,1,-1,-1,-1
55,29,247.696,163.508,25.6955,58.3092,1,-1,-1,-1
56,15,467.82,227.412,28.3893,64.4226,1,-1,-1,-1
56,18,301.364,225.152,26.0039,59.0088,1,-1,-1,-1
56,21,340.573,225.075,26.0012,59.0027,1,-1,-1,-1
56,25,314.131,221.096,28.1736,63.9328,1,-1,-1,-1
57,15,464.981,225.745,29.7908,67.6027,1,-1,-1,-1
57,18,296.584,227.397,26.0019,59.0042,1,-1,-1,-1
57,21,335.709,223.851,27.3694,62.1077,1,-1,-1,-1
57,25,311.651,221.991,28.413,64.4763,1,-1,-1,-1
58,18,291.93,228.674,26.0006,59.0014,1,-1,-1,-1
58,21,331.576,226.636,26.7914,60.7959,1,-1,-1,-1
58,25,306.052,222.576,28.4957,64.6639,1,-1,-1,-1
58,33,274.391,223.715,30.6386,69.5263,1,-1,-1,-1
59,21,323.931,224.826,27.7317,62.9299,1,-1,-1,-1
59,25,296.9,220.578,29.9707,68.011,1,-1,-1,-1
59,29,225.054,165.051,25.9574,58.9033,1,-1,-1,-1
59,33,277.262,224.772,28.7059,65.1406,1,-1,-1,-1
60,21,314.318,224.832,26.9158,61.0784,1,-1,-1,-1
60,33,272.676,224.906,27.9143,63.3444,1,-1,-1,-1
60,35,246.787,213.21,32.9996,74.884,1,-1,-1,-1
61,15,443.151,224.32,30.6541,69.5615,1,-1,-1,-1
61,21,302.644,223.715,27.7264,62.918,1,-1,-1,-1
61,33,267.224,224.644,27.6654,62.7798,1,-1,-1,-1
61,35,236.858,214.848,33.7246,76.5294,1,-1,-1,-1
62,15,439.069,223.935,30.9281,70.1832,1,-1,-1,-1
62,21,292.35,223.105,28.1841,63.9567,1,-1,-1,-1
62,33,264.357,221.817,29.2246,66.3179,1,-1,-1,-1
62,35,226.747,212.591,33.9539,77.0499,1,-1,-1,-1
62,38,209.755,211.367,34.5269,78.3492,1,-1,-1,-1
63,15,431.753,223.788,31.026,70.4053,1,-1,-1,-1
63,21,284.84,222.829,28.404,64.4558,1,-1,-1,-1
63,33,260.774,220.111,30.1701,68.4633,1,-1,-1,-1
63,35,219.6,211.599,33.9764,77.1011,1,-1,-1,-1
63,38,201.215,210.561,35.8277,81.3006,1,-1,-1,-1
64,15,428.312,223.77,31.0301,70.4146,1,-1,-1,-1
64,21,277.285,222.748,28.4803,64.629,1,-1,-1,-1
64,35,210.445,214.201,33.9079,76.9455,1,-1,-1,-1
64,38,193.785,211.456,34.391,78.0409,1,-1,-1,-1
65,15,422,223.809,30.9942,70.333,1,-1,-1,-1
65,21,266.142,223.323,29.9566,67.9789,1,-1,-1,-1
65,35,203.617,215.836,33.8093,76.7217,1,-1,-1,-1
65,38,188.037,211.922,33.6634,76.3902,1,-1,-1,-1
65,41,230.668,218.878,33.1072,75.1283,1,-1,-1,-1
66,15,419.135,223.865,30.9488,70.2302,1,-1,-1,-1
66,21,258.7,223.731,30.7394,69.7552,1,-1,-1,-1
66,35,195.232,216.76,33.7151,76.5081,1,-1,-1,-1
66,38,176.603,210.905,35.2769,80.051,1,-1,-1,-1
66,41,225.417,217.242,33.8069,76.7161,1,-1,-1,-1
67,15,412.526,223.916,30.9088,70.1394,1,-1,-1,-1
67,21,250.049,223.965,31.0856,70.5408,1,-1,-1,-1
67,35,185.85,216.007,35.5342,80.6356,1,-1,-1,-1
67,41,216.584,216.617,34.0142,77.1867,1,-1,-1,-1
68,15,404.221,223.955,30.8793,70.0723,1,-1,-1,-1
68,21,239.431,223.445,29.767,67.5485,1,-1,-1,-1
68,35,172.482,212.624,36.526,82.8857,1,-1,-1,-1
68,41,206.779,216.434,34.0181,77.1956,1,-1,-1,-1
69,15,397.371,223.981,30.8601,70.0289,1,-1,-1,-1
69,21,230.621,220.845,30.3523,68.8768,1,-1,-1,-1
69,29,126.403,149.369,29.6728,67.3344,1,-1,-1,-1
69,35,162.663,210.668,36.9858,83.9289,1,-1,-1,-1
69,41,200.64,212.331,35.8414,81.3325,1,-1,-1,-1
70,15,400.186,223.995,30.8494,70.0044,1,-1,-1,-1
70,21,226.966,218.177,32.2938,73.2825,1,-1,-1,-1
70,29,119.702,147.795,30.5935,69.4238,1,-1,-1,-1
70,35,155.692,206.221,39.0172,88.5385,1,-1,-1,-1
70,38,138.232,204.681,36.4261,82.6587,1,-1,-1,-1
70,41,197.166,214.216,34.9224,79.2474,1,-1,-1,-1
71,15,399.291,219.924,32.4335,73.5994,1,-1,-1,-1
71,21,229.153,217.987,31.7899,72.1391,1,-1,-1,-1
71,29,120.264,147.186,31.0245,70.4019,1,-1,-1,-1
71,35,152.646,207.355,38.2101,86.7067,1,-1,-1,-1
71,38,138.917,203.574,36.8161,83.5435,1,-1,-1,-1
71,41,197.435,211.528,36.1147,81.9526,1,-1,-1,-1
72,15,402.167,217.634,33.3066,75.5808,1,-1,-1,-1
72,21,228.591,216.959,32.9455,74.7614,1,-1,-1,-1
72,29,118.999,147.1,31.1674,70.7262,1,-1,-1,-1
72,35,149.367,208.381,37.5702,85.2546,1,-1,-1,-1
72,41,195.596,210.096,36.7388,83.3685,1,-1,-1,-1
73,15,404.171,216.545,33.7173,76.5129,1,-1,-1,-1
73,21,228.855,216.548,33.5439,76.1194,1,-1,-1,-1
73,35,149.048,201.506,41.341,93.8116,1,-1,-1,-1
73,41,198.002,209.476,37.0051,83.9724,1,-1,-1,-1
74,15,408.262,220.18,32.3353,73.3768,1,-1,-1,-1
74,21,229.409,216.471,33.794,76.6871,1,-1,-1,-1
74,35,138.215,197.8,43.3426,98.354,1,-1,-1,-1
74,41,196.947,209.323,37.0686,84.1162,1,-1,-1,-1
74,47,306.587,219.161,26.6443,60.4623,1,-1,-1,-1
75,15,410.56,222.518,31.4285,71.3188,1,-1,-1,-1
75,21,229.969,216.548,33.8488,76.8113,1,-1,-1,-1
75,35,132.588,196.105,44.2634,100.444,1,-1,-1,-1
75,41,196.513,209.397,37.034,84.0377,1,-1,-1,-1
76,15,408.721,223.214,32.5035,73.7583,1,-1,-1,-1
76,21,224.636,220.141,33.8103,76.7241,1,-1,-1,-1
76,41,192.961,212.442,36.9651,83.8813,1,-1,-1,-1
76,48,140.448,212.828,41.3363,93.8016,1,-1,-1,-1
77,15,407.965,224.043,31.6082,71.7267,1,-1,-1,-1
77,21,217.58,217.59,35.6278,80.8479,1,-1,-1,-1
77,41,187.591,211.362,36.8958,83.7239,1,-1,-1,-1
77,48,133.489,207.698,43.0786,97.7553,1,-1,-1,-1
78,21,210.413,213.124,36.5998,83.0533,1,-1,-1,-1
78,41,181.903,210.626,36.8405,83.5983,1,-1,-1,-1
78,48,126.427,205.175,43.8395,99.4821,1,-1,-1,-1
78,51,515.315,234.217,25.8204,58.5926,1,-1,-1,-1
79,21,206.898,213.498,37.0367,84.0443,1,-1,-1,-1
79,41,179.112,210.187,36.8024,83.512,1,-1,-1,-1
79,48,119.93,203.967,44.1417,100.168,1,-1,-1,-1
79,50,345.446,220.666,26,59,1,-1,-1,-1
80,21,209.111,213.966,37.1649,84.3349,1,-1,-1,-1
80,41,176.367,209.927,38.6799,87.7727,1,-1,-1,-1
80,48,119.006,201.1,46.6062,105.76,1,-1,-1,-1
80,50,346.758,220.388,26,59,1,-1,-1,-1
81,21,211.363,231.121,31.4395,71.3429,1,-1,-1,-1
81,48,116.497,190.97,50.279,114.095,1,-1,-1,-1
81,50,349.809,220.393,26,59,1,-1,-1,-1
82,21,209.129,224.126,33.902,76.9308,1,-1,-1,-1
82,48,111.156,185.591,52.0908,118.206,1,-1,-1,-1
82,50,351.235,220.502,26,59,1,-1,-1,-1
83,21,207.979,219.357,35.4802,80.5119,1,-1,-1,-1
83,48,108.676,183.223,52.818,119.856,1,-1,-1,-1
83,50,354.127,222.986,26,59,1,-1,-1,-1
83,55,152.25,210.906,39.5553,89.7598,1,-1,-1,-1
84,15,428.821,218.514,35.1607,79.7877,1,-1,-1,-1
84,21,211.362,235.691,30.5512,69.3271,1,-1,-1,-1
84,41,169.551,203.239,44.4969,100.973,1,-1,-1,-1
84,48,103.853,182.007,55.7795,126.577,1,-1,-1,-1
84,50,355.511,222.1,26,59,1,-1,-1,-1
84,55,150.511,212.9,38.3803,87.0931,1,-1,-1,-1
85,15,433.797,216.122,36.4513,82.716,1,-1,-1,-1
85,21,213.674,245.628,27.2618,61.863,1,-1,-1,-1
85,41,166.898,201.555,45.1819,102.528,1,-1,-1,-1
85,48,101.055,191.709,54.4554,123.572,1,-1,-1,-1
85,50,358.306,223.82,26,59,1,-1,-1,-1
85,55,150.137,210.786,39.7393,90.1771,1,-1,-1,-1
86,15,437.28,219.478,35.2296,79.9442,1,-1,-1,-1
86,21,214.14,230.393,32.2484,73.1785,1,-1,-1,-1
86,41,165.814,199.062,47.5113,107.814,1,-1,-1,-1
86,48,102.234,206.628,48.9763,111.139,1,-1,-1,-1
86,50,359.626,224.786,26,59,1,-1,-1,-1
86,55,150.309,213.461,40.3074,91.4663,1,-1,-1,-1
87,15,442.169,218.155,34.356,77.9619,1,-1,-1,-1
87,21,208.324,211.675,42.1155,95.5691,1,-1,-1,-1
87,41,161.528,200.479,46.2715,105.001,1,-1,-1,-1
87,48,100.734,210.119,47.7093,108.264,1,-1,-1,-1
87,50,362.368,225.238,26,59,1,-1,-1,-1
87,55,147.164,215.03,40.4837,91.8664,1,-1,-1,-1
88,21,205.316,202.136,46.7982,106.195,1,-1,-1,-1
88,41,159.425,199.521,47.558,107.92,1,-1,-1,-1
88,48,96.0763,207.036,49.6518,112.672,1,-1,-1,-1
88,50,363.654,225.38,26,59,1,-1,-1,-1
88,55,142.125,208.886,42.7203,96.9419,1,-1,-1,-1
89,21,203.847,197.834,48.8571,110.868,1,-1,-1,-1
89,41,157.491,195.146,50.5625,114.738,1,-1,-1,-1
89,48,93.6955,204.52,50.9324,115.577,1,-1,-1,-1
89,50,366.375,225.361,26,59,1,-1,-1,-1
89,55,139.592,205.355,43.8543,99.5155,1,-1,-1,-1
89,61,322.161,224.161,26,59,1,-1,-1,-1
90,21,204.943,202.13,47.2939,107.32,1,-1,-1,-1
90,41,156.808,192.924,52.0685,118.155,1,-1,-1,-1
90,48,92.7455,210.81,49.3339,111.95,1,-1,-1,-1
90,50,367.651,227.592,26,59,1,-1,-1,-1
90,55,137.446,201.264,46.6785,105.924,1,-1,-1,-1
90,61,323.273,228.076,26,59,1,-1,-1,-1
91,21,205.83,209.612,45.9228,104.209,1,-1,-1,-1
91,41,152.145,192.017,52.6769,119.536,1,-1,-1,-1
91,48,80.8609,195.997,57.0042,129.355,1,-1,-1,-1
91,50,368.056,228.822,26,59,1,-1,-1,-1
91,55,133.764,205.062,45.7827,103.891,1,-1,-1,-1
91,61,326.189,229.636,26,59,1,-1,-1,-1
92,21,200.674,209.106,47.2342,107.185,1,-1,-1,-1
92,41,147.998,191.824,55.6256,126.228,1,-1,-1,-1
92,48,72.7941,184.598,64.4955,146.355,1,-1,-1,-1
92,50,370.322,229.378,26,59,1,-1,-1,-1
92,55,127.981,202.416,49.7701,112.94,1,-1,-1,-1
92,61,327.478,232.564,26,59,1,-1,-1,-1
93,21,193.683,209.211,50.3256,114.2,1,-1,-1,-1
93,41,142.575,186.782,60.2137,136.639,1,-1,-1,-1
93,48,72.9305,200.293,59.3881,134.765,1,-1,-1,-1
93,50,371.417,231.847,26,59,1,-1,-1,-1
93,55,120.558,205.747,51.8112,117.572,1,-1,-1,-1
93,61,327.922,233.851,26,59,1,-1,-1,-1
94,21,190.007,209.279,51.9143,117.805,1,-1,-1,-1
94,41,138.248,189.33,59.435,134.873,1,-1,-1,-1
94,48,63.1664,207.154,58.2923,132.279,1,-1,-1,-1
94,50,371.794,233.126,26,59,1,-1,-1,-1
94,61,330.252,234.225,26,59,1,-1,-1,-1
94,63,460.385,222.211,40.1476,91.104,1,-1,-1,-1
95,21,183.837,209.267,52.5875,119.333,1,-1,-1,-1
95,41,132.338,191.188,61.6437,139.884,1,-1,-1,-1
95,48,58.1943,210.845,57.5336,130.558,1,-1,-1,-1
95,50,371.79,233.639,26,59,1,-1,-1,-1
95,61,331.384,234.136,26,59,1,-1,-1,-1
95,63,460.3,222.612,40.1153,91.0306,1,-1,-1,-1
96,21,180.857,209.209,52.7495,119.701,1,-1,-1,-1
96,41,123.76,197.483,59.6622,135.388,1,-1,-1,-1
96,48,44.592,199.47,63.7482,144.66,1,-1,-1,-1
96,50,371.626,233.725,26,59,1,-1,-1,-1
96,61,334.096,233.866,26,59,1,-1,-1,-1
96,63,464.06,222.658,40.0851,90.9621,1,-1,-1,-1
97,21,179.825,205.073,55.503,125.95,1,-1,-1,-1
97,41,114.909,187.676,64.7898,147.024,1,-1,-1,-1
97,48,36.0562,200.809,63.7153,144.585,1,-1,-1,-1
97,50,372.572,230.116,27.3689,62.1065,1,-1,-1,-1
97,61,337.739,233.574,26,59,1,-1,-1,-1
98,21,179.831,206.73,54.1392,122.855,1,-1,-1,-1
98,41,110.845,181.899,67.4955,153.163,1,-1,-1,-1
98,48,25.4456,206.312,60.4262,137.122,1,-1,-1,-1
98,50,375.961,227.978,28.1216,63.8148,1,-1,-1,-1
98,61,339.522,229.837,27.369,62.1069,1,-1,-1,-1
99,21,180.285,203.863,55.9315,126.923,1,-1,-1,-1
99,41,102.058,175.399,72.3579,164.196,1,-1,-1,-1
99,50,380.687,228.002,27.1618,61.6366,1,-1,-1,-1
99,61,342.483,231.154,26.7913,60.7957,1,-1,-1,-1
100,21,180.811,197.028,54.0969,122.759,1,-1,-1,-1
100,41,97.9797,172.28,74.7035,169.519,1,-1,-1,-1
100,50,382.583,227.073,27.8522,63.2035,1,-1,-1,-1
100,61,346.153,232.093,26.3817,59.8662,1,-1,-1,-1
100,71,67.7466,128.616,25.8838,58.7364,1,-1,-1,-1
101,21,179.488,193.192,58.9106,133.682,1,-1,-1,-1
101,41,96.6842,171.135,75.5868,171.523,1,-1,-1,-1
101,50,383.266,226.673,28.2354,64.0731,1,-1,-1,-1
101,61,350.189,232.678,26.1285,59.2916,1,-1,-1,-1
101,71,66.6544,128.402,25.9093,58.7943,1,-1,-1,-1
102,21,173.687,191.671,61.5003,139.558,1,-1,-1,-1
102,41,90.4593,171.035,75.6923,171.762,1,-1,-1,-1
102,50,385.607,226.573,28.414,64.4785,1,-1,-1,-1
102,61,354.936,232.386,27.3637,62.0947,1,-1,-1,-1
103,21,167.59,188.986,66.1097,150.018,1,-1,-1,-1
103,41,87.5323,171.394,75.4502,171.212,1,-1,-1,-1
103,50,384.363,224.306,28.471,64.608,1,-1,-1,-1
103,61,358.881,227.533,29.5617,67.0824,1,-1,-1,-1
103,72,12.9857,230.177,56.141,127.399,1,-1,-1,-1
104,21,164.536,187.969,68.351,155.104,1,-1,-1,-1
104,41,79.661,171.874,75.1098,170.44,1,-1,-1,-1
104,61,360.595,224.818,30.7022,69.6705,1,-1,-1,-1
104,72,7.52501,229.501,56.7155,128.703,1,-1,-1,-1
105,21,163.353,187.776,69.2121,157.058,1,-1,-1,-1
105,41,75.7938,172.308,74.797,169.73,1,-1,-1,-1
105,61,366.779,223.519,31.2002,70.8006,1,-1,-1,-1
105,75,49.5153,206.76,59.6549,135.371,1,-1,-1,-1
105,79,398.455,226.762,28.326,64.279,1,-1,-1,-1
106,21,158.567,185.054,72.946,165.53,1,-1,-1,-1
106,41,69.5142,156.989,86.814,197.001,1,-1,-1,-1
106,75,28.3556,173.655,75.2389,170.736,1,-1,-1,-1
106,79,403.305,226.814,28.326,64.279,1,-1,-1,-1
106,81,521.777,220.352,41.2749,93.6622,1,-1,-1,-1
106,82,48.4366,120.092,32.1115,72.8688,1,-1,-1,-1
107,21,156.256,183.757,74.7366,169.593,1,-1,-1,-1
107,41,58.9149,149.04,92.973,210.979,1,-1,-1,-1
107,75,17.1351,163.697,73.8197,167.514,1,-1,-1,-1
107,79,405.165,226.863,28.326,64.279,1,-1,-1,-1
107,81,524.987,218.509,42.6957,96.8864,1,-1,-1,-1
107,82,37.5145,115.156,34.0023,77.1597,1,-1,-1,-1
108,21,149.08,183.273,75.3879,171.071,1,-1,-1,-1
108,41,53.7019,145.41,95.7688,217.324,1,-1,-1,-1
108,75,7.46648,163.636,75.8652,172.155,1,-1,-1,-1
108,79,407.506,230.505,26.9437,61.142,1,-1,-1,-1
108,81,526.003,217.576,43.412,98.512,1,-1,-1,-1
109,21,134.226,170.024,87.5684,198.713,1,-1,-1,-1
109,41,45.4237,143.658,102.136,231.771,1,-1,-1,-1
109,61,386.007,223.053,33.1632,75.2555,1,-1,-1,-1
109,79,410.741,232.489,26.1786,59.4058,1,-1,-1,-1
109,81,528.44,211.642,46.2472,104.946,1,-1,-1,-1
110,21,126.73,163.366,93.6299,212.469,1,-1,-1,-1
110,41,39.3033,152.598,99.7845,226.437,1,-1,-1,-1
110,61,393.741,222.789,33.7209,76.5211,1,-1,-1,-1
110,79,412.604,227.331,30.4552,69.1105,1,-1,-1,-1
110,81,534.655,217.919,45.3365,102.879,1,-1,-1,-1
111,21,115.589,160.411,96.2564,218.431,1,-1,-1,-1
111,41,31.0618,144.953,107.856,244.751,1,-1,-1,-1
111,61,397.466,222.725,33.9174,76.9672,1,-1,-1,-1
111,79,413.356,224.486,32.7025,74.2101,1,-1,-1,-1
111,81,537.724,217.684,44.6596,101.343,1,-1,-1,-1
111,83,41.5131,111.044,31.0804,70.5287,1,-1,-1,-1
112,21,107.486,159.535,102.439,232.461,1,-1,-1,-1
112,41,20.7363,191.189,92.0037,208.777,1,-1,-1,-1
112,61,404.522,222.755,33.9237,76.9814,1,-1,-1,-1
112,79,418.605,223.572,32.2519,73.1875,1,-1,-1,-1
112,81,537.105,220.274,42.0405,95.3995,1,-1,-1,-1
112,83,37.7193,112.145,29.7601,67.5328,1,-1,-1,-1
113,21,104.231,159.802,105.253,238.846,1,-1,-1,-1
113,61,408.355,223.349,32.3274,73.359,1,-1,-1,-1
113,79,423.623,223.272,31.7748,72.1048,1,-1,-1,-1
113,83,39.5023,107.148,27.5971,62.6243,1,-1,-1,-1
114,21,94.3908,160.387,106.165,240.914,1,-1,-1,-1
114,79,424.287,222.717,32.9452,74.7607,1,-1,-1,-1
115,21,89.7471,151.712,106.108,240.783,1,-1,-1,-1
115,79,426.995,222.556,33.5495,76.1322,1,-1,-1,-1
116,21,88.2491,146.875,105.654,239.753,1,-1,-1,-1
116,79,431.031,222.583,33.8009,76.7028,1,-1,-1,-1
117,21,79.1371,144.654,105.124,238.55,1,-1,-1,-1
118,21,61.1467,138.324,117.526,266.693,1,-1,-1,-1
119,21,52.0831,124.849,124.004,281.391,1,-1,-1,-1
120,21,37.5155,117.876,126.946,288.065,1,-1,-1,-1
120,79,447.452,220.779,38.0639,86.376,1,-1,-1,-1
121,79,452.934,221.229,39.6627,90.0039,1,-1,-1,-1
122,79,460.595,224.874,36.8277,83.5709,1,-1,-1,-1
123,79,467.844,223.114,36.7199,83.3257,1,-1,-1,-1
124,79,474.028,221.938,36.6845,83.2451,1,-1,-1,-1
125,79,480.1,221.25,36.6869,83.2504,1,-1,-1,-1
126,79,485.514,217.976,38.6095,87.6132,1,-1,-1,-1
127,79,488.276,222.563,37.8255,85.8339,1,-1,-1,-1
128,79,498.8,222.514,39.1499,88.8395,1,-1,-1,-1
129,79,512.179,219.457,42.1471,95.6411,1,-1,-1,-1
129,90,14.0493,214.485,30.847,69.999,1,-1,-1,-1
130,79,526.94,217.737,43.6959,99.1557,1,-1,-1,-1
130,90,16.1622,214.678,30.847,69.999,1,-1,-1,-1
131,79,537.478,216.88,44.3651,100.674,1,-1,-1,-1
131,90,17.2196,214.638,30.847,69.999,1,-1,-1,-1
132,90,18.36,210.252,32.5069,73.7659,1,-1,-1,-1
132,91,155.485,209,26,59,1,-1,-1,-1
133,90,21.3013,211.97,31.7874,72.1331,1,-1,-1,-1
133,91,155.678,209,26,59,1,-1,-1,-1
134,90,21.6666,207.194,34.8157,79.0047,1,-1,-1,-1
135,90,22.8584,201.1,38.3253,86.9688,1,-1,-1,-1
136,90,19.9701,198.008,40.0489,90.8799,1,-1,-1,-1
137,90,21.6219,200.196,40.7441,92.4576,1,-1,-1,-1
137,91,153.165,209,26,59,1,-1,-1,-1
138,90,23.6466,206.273,37.3774,84.818,1,-1,-1,-1
138,91,151.969,211.315,26,59,1,-1,-1,-1
138,94,551.474,221.891,40.0357,90.8497,1,-1,-1,-1
139,90,23.6776,202.044,38.7903,88.0241,1,-1,-1,-1
139,91,151.266,210.32,26,59,1,-1,-1,-1
139,94,562.339,211.618,45.9005,104.158,1,-1,-1,-1
140,90,20.0905,199.447,39.6189,89.9045,1,-1,-1,-1
140,94,575.062,208.757,45.6239,103.531,1,-1,-1,-1
141,90,21.4141,198.061,40.0413,90.8627,1,-1,-1,-1
141,93,286.956,213.208,25.8705,58.7062,1,-1,-1,-1
142,90,24.5897,200.884,38.385,87.104,1,-1,-1,-1
142,93,292.267,213.42,25.7379,58.4052,1,-1,-1,-1
143,90,27.5892,199.266,39.2055,88.9659,1,-1,-1,-1
143,93,295.027,213.426,25.7343,58.397,1,-1,-1,-1
144,90,31.4498,201.776,37.8609,85.9145,1,-1,-1,-1
144,93,296.18,213.342,25.7871,58.517,1,-1,-1,-1
144,96,161.339,209,26,59,1,-1,-1,-1
145,90,31.0826,199.819,38.941,88.3655,1,-1,-1,-1
145,96,160.701,209,26,59,1,-1,-1,-1
146,90,30.5044,198.63,39.6051,89.8727,1,-1,-1,-1
146,96,162.47,211.358,26,59,1,-1,-1,-1
147,90,29.9533,198.003,39.9629,90.6845,1,-1,-1,-1
147,96,161.514,204.976,28.925,65.6375,1,-1,-1,-1
148,90,29.5255,197.739,40.1204,91.0421,1,-1,-1,-1
148,93,310.043,213.037,25.9771,58.948,1,-1,-1,-1
148,96,162.56,206.542,27.7033,62.8652,1,-1,-1,-1
149,90,29.2371,197.681,40.1621,91.1366,1,-1,-1,-1
149,93,307.066,213.005,25.9967,58.9926,1,-1,-1,-1
149,96,163.098,207.719,26.8271,60.877,1,-1,-1,-1
150,90,29.0667,197.722,40.1464,91.1011,1,-1,-1,-1
150,96,161.538,203.201,29.1543,66.1579,1,-1,-1,-1
150,101,146.937,209,26,59,1,-1,-1,-1
151,90,32.3746,205.72,36.5302,82.8955,1,-1,-1,-1
151,96,162.297,205.838,27.6846,62.8227,1,-1,-1,-1
152,90,34.3383,202.355,38.0643,86.3767,1,-1,-1,-1
152,96,162.774,207.626,26.6951,60.5773,1,-1,-1,-1
153,90,37.0511,207.011,37.2129,84.4443,1,-1,-1,-1
153,93,318.256,212.991,26.0055,59.0125,1,-1,-1,-1
153,96,161.249,203.375,29.0122,65.8354,1,-1,-1,-1
154,93,322.022,212.994,26.0039,59.0088,1,-1,-1,-1
154,96,164.4,206.099,27.5576,62.5346,1,-1,-1,-1
155,93,323.809,212.996,26.0024,59.0054,1,-1,-1,-1
155,96,164.543,206.142,27.9398,63.402,1,-1,-1,-1
156,93,326.711,212.998,26.0013,59.0029,1,-1,-1,-1
156,96,162.164,202.627,29.6695,67.3272,1,-1,-1,-1
157,90,43.0442,198.832,40.1106,91.0199,1,-1,-1,-1
157,93,324.468,208.255,28.9061,65.5945,1,-1,-1,-1
157,96,165.927,204.092,29.1671,66.1871,1,-1,-1,-1
158,90,41.2345,197.062,42.4861,96.4105,1,-1,-1,-1
158,96,170.459,205.104,28.7804,65.3099,1,-1,-1,-1
159,90,40.0305,192.298,43.728,99.2289,1,-1,-1,-1
159,101,159.44,197.457,32.838,74.5172,1,-1,-1,-1
160,90,41.0209,197.866,42.0982,95.5305,1,-1,-1,-1
160,101,160.28,197.991,32.2729,73.2349,1,-1,-1,-1
161,90,43.3894,197.45,43.1856,97.9981,1,-1,-1,-1
161,101,155.322,202.032,30.3472,68.8652,1,-1,-1,-1
162,90,46.4385,201.198,41.5817,94.3583,1,-1,-1,-1
162,96,165.903,205.07,31.0332,70.4216,1,-1,-1,-1
162,101,154.686,206.927,30.5313,69.2828,1,-1,-1,-1
163,90,46.3129,199.312,42.8034,97.1307,1,-1,-1,-1
163,96,167.358,207.936,31.0851,70.5394,1,-1,-1,-1
163,101,152.167,209.62,30.6735,69.6054,1,-1,-1,-1
164,90,45.9958,198.054,43.5236,98.765,1,-1,-1,-1
164,96,165.407,207.814,32.6388,74.0654,1,-1,-1,-1
164,101,150.819,214.776,28.0587,63.6718,1,-1,-1,-1
165,90,45.6595,197.312,43.8914,99.5998,1,-1,-1,-1
165,96,167.191,209.332,31.9167,72.4265,1,-1,-1,-1
165,101,150.328,217.499,26.452,60.0259,1,-1,-1,-1
166,90,45.3826,196.935,44.038,99.9325,1,-1,-1,-1
167,90,50.3632,204.244,41.8883,95.0541,1,-1,-1,-1
168,90,53.2292,208.55,40.5578,92.035,1,-1,-1,-1
168,108,365.403,207,33.548,76.129,1,-1,-1,-1
169,90,54.6038,210.681,39.8677,90.4689,1,-1,-1,-1
169,96,168.373,207.091,33.7543,76.597,1,-1,-1,-1
169,108,367.221,207,33.548,76.129,1,-1,-1,-1
169,109,346.646,229,26,59,1,-1,-1,-1
170,90,58.5301,211.443,39.6003,89.8622,1,-1,-1,-1
170,96,168.997,206.931,33.7766,76.6475,1,-1,-1,-1
170,106,158.893,201.568,33.8421,76.7963,1,-1,-1,-1
170,110,111,233,26,59,1,-1,-1,-1
171,90,60.4884,211.469,39.5697,89.7925,1,-1,-1,-1
171,96,169.26,206.877,33.7387,76.5617,1,-1,-1,-1
171,106,156.547,206.147,32.2397,73.1599,1,-1,-1,-1
171,111,267.485,212.351,26,59,1,-1,-1,-1
172,96,175.092,210.897,32.1528,72.9627,1,-1,-1,-1
172,106,160.503,207.104,32.8455,74.5347,1,-1,-1,-1
172,111,270.48,219.028,26,59,1,-1,-1,-1
172,112,573.638,193.396,52.2897,118.657,1,-1,-1,-1
173,96,172.531,210.84,34.7086,78.762,1,-1,-1,-1
173,111,274.202,221.751,26,59,1,-1,-1,-1
173,112,578.957,193.325,52.5187,119.177,1,-1,-1,-1
174,96,177.12,210.708,36.1515,82.0358,1,-1,-1,-1
174,111,278.226,220.284,26,59,1,-1,-1,-1
175,90,67.2461,204.732,43.4797,98.6653,1,-1,-1,-1
175,96,179.655,210.528,36.8684,83.6623,1,-1,-1,-1
175,108,401.268,223.902,32.7215,74.2536,1,-1,-1,-1
175,111,280.027,221.428,26,59,1,-1,-1,-1
176,90,70.6282,203.714,44.0664,99.9969,1,-1,-1,-1
176,96,183.688,210.348,37.1464,84.293,1,-1,-1,-1
176,106,165.984,210.16,32.6599,74.113,1,-1,-1,-1
177,90,72.3373,203.347,44.2675,100.453,1,-1,-1,-1
177,96,185.659,210.201,37.1861,84.383,1,-1,-1,-1
177,106,168.02,206.977,34.8696,79.1269,1,-1,-1,-1
178,90,72.9863,206.804,44.2665,100.451,1,-1,-1,-1
178,96,188.659,210.079,39.0016,88.5028,1,-1,-1,-1
178,106,166.205,209.697,34.2893,77.8103,1,-1,-1,-1
179,90,73.043,203.097,46.5462,105.624,1,-1,-1,-1
179,96,191.149,212.897,38.1087,86.4765,1,-1,-1,-1
179,106,167.881,211.322,33.8886,76.9013,1,-1,-1,-1
179,108,411.329,229.919,32.0089,72.6359,1,-1,-1,-1
180,90,76.9022,206.684,45.4477,103.131,1,-1,-1,-1
180,96,195.64,214.524,37.4516,84.9852,1,-1,-1,-1
180,106,168.802,216.164,32.1169,72.8809,1,-1,-1,-1
180,108,413.353,237.86,29.6245,67.2252,1,-1,-1,-1
181,90,83.0115,208.885,44.6508,101.323,1,-1,-1,-1
181,96,196.65,212.399,38.9188,88.3149,1,-1,-1,-1
181,108,416.481,241.924,28.288,64.1925,1,-1,-1,-1
182,90,86.204,210.047,44.1467,100.179,1,-1,-1,-1
182,96,196.745,211.029,39.7426,90.1844,1,-1,-1,-1
182,108,423.128,243.464,27.7146,62.8915,1,-1,-1,-1
183,90,86.9095,213.948,41.6884,94.6005,1,-1,-1,-1
183,96,199.303,206.737,42.4012,96.2177,1,-1,-1,-1
183,118,177.701,218.221,31.5647,71.6281,1,-1,-1,-1
184,90,87.3456,206.657,44.9627,102.031,1,-1,-1,-1
184,96,200.551,204.423,43.7691,99.3219,1,-1,-1,-1
184,118,175.596,212.442,35.0243,79.4783,1,-1,-1,-1
185,90,91.3401,208.086,44.5308,101.051,1,-1,-1,-1
185,96,205.018,203.375,44.3508,100.642,1,-1,-1,-1
185,118,174.622,210.062,36.4677,82.7532,1,-1,-1,-1
186,90,93.3667,209.083,44.2086,100.32,1,-1,-1,-1
186,96,207.31,203.062,44.4929,100.965,1,-1,-1,-1
186,108,450.268,240.142,29.5435,67.0416,1,-1,-1,-1
186,118,177.138,210.279,35.1779,79.8266,1,-1,-1,-1
187,90,97.6155,209.693,43.9992,99.8443,1,-1,-1,-1
187,96,208.213,206.591,44.4224,100.805,1,-1,-1,-1
187,118,182.047,213.636,34.3351,77.9144,1,-1,-1,-1
187,121,306.646,229.485,26,59,1,-1,-1,-1
188,90,100.828,208.81,46.2574,104.969,1,-1,-1,-1
188,96,212.391,208.779,44.2764,100.473,1,-1,-1,-1
188,118,184.683,215.705,33.8221,76.7506,1,-1,-1,-1
189,90,105.114,213.486,45.201,102.571,1,-1,-1,-1
189,96,217.361,204.139,46.4922,105.501,1,-1,-1,-1
189,118,188.753,216.841,33.5483,76.1293,1,-1,-1,-1
190,90,107.108,212.141,44.4717,100.917,1,-1,-1,-1
190,96,221.519,197.264,50.107,113.704,1,-1,-1,-1
190,118,193.615,217.353,33.4321,75.8657,1,-1,-1,-1
191,90,115.817,211.138,44.0333,99.9219,1,-1,-1,-1
191,96,228.038,193.58,51.9396,117.863,1,-1,-1,-1
191,118,198.842,214.606,33.4068,75.8084,1,-1,-1,-1
191,121,327.668,226.268,26,59,1,-1,-1,-1
191,123,505.62,241.874,29.4409,66.8087,1,-1,-1,-1
192,90,122.063,204.65,46.1905,104.817,1,-1,-1,-1
192,96,235.826,191.928,52.7059,119.602,1,-1,-1,-1
192,118,202.42,211.707,35.3297,80.1714,1,-1,-1,-1
192,121,334.279,225.36,26,59,1,-1,-1,-1
193,90,124.906,200.993,47.4191,107.605,1,-1,-1,-1
193,96,239.559,191.454,52.8825,120.003,1,-1,-1,-1
193,118,207.328,210.17,36.4041,82.609,1,-1,-1,-1
193,121,339.524,224.905,26,59,1,-1,-1,-1
193,125,529.994,233.923,33.1981,75.3346,1,-1,-1,-1
194,90,127.428,204.982,45.7398,103.794,1,-1,-1,-1
194,96,245.438,191.57,52.777,119.763,1,-1,-1,-1
194,118,209.541,209.498,36.9222,83.7845,1,-1,-1,-1
194,121,343.939,224.733,26,59,1,-1,-1,-1
195,90,132.255,207.717,44.6255,101.266,1,-1,-1,-1
195,96,252.658,196.536,52.5737,119.302,1,-1,-1,-1
195,118,213.629,212.211,37.1074,84.2045,1,-1,-1,-1
195,121,347.92,224.716,26,59,1,-1,-1,-1
196,90,134.449,209.35,43.9879,99.8187,1,-1,-1,-1
196,96,260.605,199.549,52.3701,118.84,1,-1,-1,-1
196,118,215.429,213.928,37.1161,84.2242,1,-1,-1,-1
196,121,349.408,224.767,26,59,1,-1,-1,-1
197,90,139.125,210.175,43.6884,99.1393,1,-1,-1,-1
197,96,263.645,196.445,55.0699,124.967,1,-1,-1,-1
197,118,218.786,214.872,37.0488,84.0712,1,-1,-1,-1
197,121,351.856,227.15,26,59,1,-1,-1,-1
198,90,142.477,234.133,34.3447,77.936,1,-1,-1,-1
198,96,269.608,194.475,56.5386,128.301,1,-1,-1,-1
198,118,220.246,218.765,36.963,83.8764,1,-1,-1,-1
198,121,355.025,228.534,26,59,1,-1,-1,-1
199,90,146.519,223.727,38.5948,87.5806,1,-1,-1,-1
199,96,276.835,193.355,57.2159,129.838,1,-1,-1,-1
199,118,224.639,217.945,38.7821,88.0046,1,-1,-1,-1
199,121,358.669,229.214,26,59,1,-1,-1,-1
200,90,155.9,216.658,41.3449,93.8213,1,-1,-1,-1
200,96,283.578,187.575,60.548,137.398,1,-1,-1,-1
200,118,230.254,217.23,39.773,90.2533,1,-1,-1,-1
200,121,363.732,225.961,27.3689,62.1066,1,-1,-1,-1
201,90,170.557,215.843,40.7335,92.4337,1,-1,-1,-1
201,96,292.32,184.467,62.2396,141.236,1,-1,-1,-1
201,118,241.261,232.552,32.928,74.7208,1,-1,-1,-1
201,121,374.225,225.144,26.7912,60.7956,1,-1,-1,-1
201,133,145.673,223.317,28.5954,64.8902,1,-1,-1,-1
202,90,178.066,215.535,40.3222,91.5004,1,-1,-1,-1
202,96,301.563,188.279,62.9355,142.815,1,-1,-1,-1
202,118,250.789,224.766,34.3693,77.9912,1,-1,-1,-1
202,121,384.259,224.774,26.3816,59.8661,1,-1,-1,-1
202,133,151.084,221.881,28.7014,65.1306,1,-1,-1,-1
203,96,310.952,182.743,66.4651,150.824,1,-1,-1,-1
203,118,257.532,216.486,37.4251,84.9256,1,-1,-1,-1
203,121,393.681,224.667,26.1285,59.2916,1,-1,-1,-1
203,133,156.218,221.543,28.6794,65.0808,1,-1,-1,-1
204,96,321.517,179.705,68.219,154.804,1,-1,-1,-1
204,118,263.774,211.746,39.1681,88.8809,1,-1,-1,-1
204,121,400.228,221.194,27.3637,62.0947,1,-1,-1,-1
204,133,160.63,219.236,28.6116,64.927,1,-1,-1,-1
205,96,329.678,168.295,75.9741,172.403,1,-1,-1,-1
205,118,270.509,228.797,32.7077,74.2211,1,-1,-1,-1
205,121,407.365,220.441,26.7319,60.6611,1,-1,-1,-1
205,133,164.685,218.241,28.5316,64.7454,1,-1,-1,-1
206,90,198.178,212.328,39.9291,90.6083,1,-1,-1,-1
206,96,340.619,162.464,79.8297,181.152,1,-1,-1,-1
206,118,275.986,237.51,28.1606,63.9027,1,-1,-1,-1
206,121,412.582,213.806,29.1813,66.2192,1,-1,-1,-1
206,133,169.155,215.068,28.458,64.5785,1,-1,-1,-1
207,96,346.125,151.879,85.289,193.542,1,-1,-1,-1
207,118,277.626,219.448,37.0574,84.0916,1,-1,-1,-1
207,121,417.954,212.6,29.0451,65.9105,1,-1,-1,-1
207,133,171.007,216.409,28.4004,64.4477,1,-1,-1,-1
208,96,354.161,161.64,84.0284,190.681,1,-1,-1,-1
208,118,282.456,232.478,31.7798,72.1156,1,-1,-1,-1
208,121,424.648,210.063,30.2992,68.7561,1,-1,-1,-1
208,133,173.691,217.505,28.3608,64.358,1,-1,-1,-1
209,96,368.998,167.529,79.5318,180.476,1,-1,-1,-1
209,118,287.674,228.234,32.3721,73.46,1,-1,-1,-1
209,121,432.741,208.965,29.4971,66.9361,1,-1,-1,-1
209,133,175.247,213.041,29.82,67.6691,1,-1,-1,-1
210,96,381.508,164.825,83.6744,189.877,1,-1,-1,-1
210,118,292.834,228.261,32.8619,74.5717,1,-1,-1,-1
210,133,175.639,208.781,32.2244,73.1253,1,-1,-1,-1
211,96,390.534,154.37,90.6461,205.699,1,-1,-1,-1
211,118,285.866,202.207,44.8925,101.872,1,-1,-1,-1
211,133,172.604,206.681,33.4548,75.9174,1,-1,-1,-1
212,96,398.093,138.662,99.8145,226.504,1,-1,-1,-1
212,118,286.393,188.721,50.5115,114.623,1,-1,-1,-1
212,133,170.567,207.556,32.4659,73.6731,1,-1,-1,-1
212,140,518.161,208.705,26,59,1,-1,-1,-1
213,96,400.982,130.55,104.282,236.642,1,-1,-1,-1
213,118,286.629,182.481,52.9991,120.267,1,-1,-1,-1
213,133,169.396,206.716,33.2572,75.4689,1,-1,-1,-1
213,140,519.273,208.471,26,59,1,-1,-1,-1
213,142,220.336,189.753,49.6965,112.773,1,-1,-1,-1
214,96,410.455,127.078,106.054,240.662,1,-1,-1,-1
214,118,291.239,185.024,53.8144,122.117,1,-1,-1,-1
214,133,168.823,206.427,33.6448,76.3485,1,-1,-1,-1
214,140,522.189,208.472,26,59,1,-1,-1,-1
214,142,226.212,191.046,47.6622,108.156,1,-1,-1,-1
215,96,424.02,126.216,106.377,241.394,1,-1,-1,-1
215,118,293.749,187.731,53.7893,122.061,1,-1,-1,-1
215,133,165.728,209.315,33.7872,76.6717,1,-1,-1,-1
215,142,231.571,200.598,44.0166,99.8836,1,-1,-1,-1
215,143,207,225.485,26,59,1,-1,-1,-1
216,96,430.566,131.843,110.646,251.079,1,-1,-1,-1
216,118,294.82,178.882,59.398,134.788,1,-1,-1,-1
216,133,164.067,211.084,33.7982,76.6967,1,-1,-1,-1
216,142,237.432,206.051,41.816,94.8901,1,-1,-1,-1
216,143,207,225.678,26,59,1,-1,-1,-1
217,118,304.325,189.689,56.4941,128.198,1,-1,-1,-1
217,133,159.827,207.263,37.5966,85.3159,1,-1,-1,-1
217,143,205.615,213.883,31.0404,70.4381,1,-1,-1,-1
218,118,310.323,211.424,48.075,109.093,1,-1,-1,-1
218,133,157.721,205.114,39.5754,89.8061,1,-1,-1,-1
219,118,316.923,228.627,42.3523,96.1069,1,-1,-1,-1
219,133,156.905,204.013,40.467,91.8291,1,-1,-1,-1
220,133,156.788,203.551,40.7427,92.4546,1,-1,-1,-1
220,142,249.559,219.258,35.4122,80.3585,1,-1,-1,-1
220,146,208.611,228.511,26,59,1,-1,-1,-1
221,133,156.987,203.447,40.7074,92.3745,1,-1,-1,-1
221,146,210.858,228.961,26,59,1,-1,-1,-1
222,133,153.81,203.516,40.5482,92.0131,1,-1,-1,-1
222,146,209.449,231.511,26,59,1,-1,-1,-1
222,150,473.336,210.392,36.1167,81.9571,1,-1,-1,-1
223,133,152.098,207.113,40.3686,91.6056,1,-1,-1,-1
223,146,208.376,232.87,26,59,1,-1,-1,-1
223,150,478.057,205.653,39.2583,89.0861,1,-1,-1,-1
224,133,151.355,209.223,40.2171,91.2616,1,-1,-1,-1
224,142,259.42,211.869,38.8694,88.2032,1,-1,-1,-1
224,146,208.215,232.86,27.3734,62.1168,1,-1,-1,-1
224,150,484.257,207.587,40.4477,91.785,1,-1,-1,-1
225,133,147.706,210.273,40.1084,91.015,1,-1,-1,-1
225,142,257.146,206.854,42.0031,95.3145,1,-1,-1,-1
225,146,212.159,235.582,26.7925,60.7986,1,-1,-1,-1
225,150,486.838,208.767,40.8344,92.6625,1,-1,-1,-1
225,152,181.649,230.851,28.5119,64.7007,1,-1,-1,-1
225,154,341.002,228.59,50.7874,115.248,1,-1,-1,-1
226,133,145.798,213.511,38.2075,86.7011,1,-1,-1,-1
226,142,255.574,204.235,43.6325,99.0121,1,-1,-1,-1
226,150,491.092,209.478,40.8422,92.6801,1,-1,-1,-1
226,152,179.586,235.487,27.1235,61.5498,1,-1,-1,-1
226,154,343.245,229.005,53.0287,120.334,1,-1,-1,-1
226,155,526.193,171.406,81.2245,184.319,1,-1,-1,-1
227,133,145.57,208.725,41.2928,93.7026,1,-1,-1,-1
227,142,258.651,203.105,44.3453,100.63,1,-1,-1,-1
227,150,492.856,209.876,40.6829,92.3186,1,-1,-1,-1
227,152,180.624,231.173,27.8642,63.2309,1,-1,-1,-1
227,154,343.441,191.122,72.4062,164.307,1,-1,-1,-1
227,155,519.65,164.917,84.8904,192.638,1,-1,-1,-1
227,156,203.523,224.753,31.4099,71.2762,1,-1,-1,-1
228,133,141.755,205.815,43.0508,97.6919,1,-1,-1,-1
228,142,260.432,202.817,44.542,101.076,1,-1,-1,-1
228,150,493.225,210.068,40.4786,91.8552,1,-1,-1,-1
228,152,179.463,226.888,29.7811,67.5806,1,-1,-1,-1
228,154,344.526,167.476,84.0839,190.807,1,-1,-1,-1
228,155,514.869,177.14,82.3619,186.9,1,-1,-1,-1
228,156,202.302,214.281,37.7887,85.7511,1,-1,-1,-1
229,133,139.797,204.24,43.9347,99.6979,1,-1,-1,-1
229,142,265.348,202.937,44.4845,100.946,1,-1,-1,-1
229,152,178.915,224.621,30.7349,69.745,1,-1,-1,-1
229,154,346.118,148.472,93.5053,212.188,1,-1,-1,-1
229,155,510.857,191.648,74.0464,168.029,1,-1,-1,-1
229,156,201.922,213.264,38.1587,86.5903,1,-1,-1,-1
230,133,137.848,201.196,46.642,105.841,1,-1,-1,-1
230,142,272.013,203.205,44.3316,100.599,1,-1,-1,-1
230,152,178.641,233.281,28.4644,64.5925,1,-1,-1,-1
230,154,355.419,149.246,97.3792,220.979,1,-1,-1,-1
230,155,510.664,231.753,54.855,124.479,1,-1,-1,-1
230,156,201.783,213.149,38.0748,86.3999,1,-1,-1,-1
231,133,138.214,201.979,45.7054,103.716,1,-1,-1,-1
231,142,275.408,206.882,42.0008,95.3094,1,-1,-1,-1
231,154,362.639,143.029,103.783,235.51,1,-1,-1,-1
231,156,201.764,213.437,37.8047,85.7867,1,-1,-1,-1
232,133,135.237,196.299,49.6976,112.775,1,-1,-1,-1
232,142,276.777,209.121,40.5646,92.0504,1,-1,-1,-1
232,154,366.021,141.146,106.412,241.474,1,-1,-1,-1
232,156,206.733,228.291,31.8272,72.2228,1,-1,-1,-1
233,133,133.777,193.338,51.7555,117.445,1,-1,-1,-1
233,142,280.441,206.737,42.1066,95.5495,1,-1,-1,-1
233,154,376.289,141.36,107.015,242.844,1,-1,-1,-1
233,156,209.882,239.868,27.7437,62.9565,1,-1,-1,-1
234,133,128.594,192.048,52.649,119.473,1,-1,-1,-1
234,142,282.109,208.656,43.0998,97.8034,1,-1,-1,-1
234,152,174.518,242.35,25.6734,58.2589,1,-1,-1,-1
234,154,390.63,151.646,106.658,242.032,1,-1,-1,-1
234,156,212.044,238.924,28.4128,64.4749,1,-1,-1,-1
234,159,477.616,138.15,99.7453,226.348,1,-1,-1,-1
235,133,125.876,191.702,52.8897,120.019,1,-1,-1,-1
235,142,282.589,209.75,43.6665,99.0895,1,-1,-1,-1
235,154,397.78,139.605,105.965,240.461,1,-1,-1,-1
235,156,207.74,237.301,29.2019,66.2658,1,-1,-1,-1
235,159,483.453,142.082,97.3879,220.999,1,-1,-1,-1
235,160,194.457,229.818,31.0245,70.402,1,-1,-1,-1
236,133,120.129,191.822,52.8098,119.837,1,-1,-1,-1
236,142,286.513,206.797,43.9418,99.7141,1,-1,-1,-1
236,154,403.727,125.222,118.063,267.91,1,-1,-1,-1
236,156,207.265,233.423,29.8702,67.7822,1,-1,-1,-1
236,159,477.184,144.305,96.068,218.005,1,-1,-1,-1
236,160,196.41,231.3,31.1648,70.7203,1,-1,-1,-1
237,133,117.267,192.113,52.6106,119.386,1,-1,-1,-1
237,142,292.521,208.446,44.0394,99.9357,1,-1,-1,-1
237,154,417.633,129.086,124.321,282.11,1,-1,-1,-1
237,160,197.37,232.107,31.1643,70.7192,1,-1,-1,-1
237,161,164.556,231.4,32.1115,72.8688,1,-1,-1,-1
238,133,116.21,192.418,52.4013,118.911,1,-1,-1,-1
238,154,424.445,132.451,127.113,288.444,1,-1,-1,-1
238,160,197.855,235.599,31.111,70.5982,1,-1,-1,-1
238,161,162.98,238.491,29.0036,65.8161,1,-1,-1,-1
238,162,540.976,229.699,58.6121,133.005,1,-1,-1,-1
239,133,111.507,192.666,52.2304,118.523,1,-1,-1,-1
239,154,450.149,202.449,104.698,237.582,1,-1,-1,-1
239,160,196.195,227.794,36.6681,83.2085,1,-1,-1,-1
239,161,159.895,234.507,32.1506,72.9576,1,-1,-1,-1
240,133,105.143,192.787,54.9777,124.758,1,-1,-1,-1
240,160,195.2,236.602,32.9988,74.882,1,-1,-1,-1
240,161,160.87,242.184,29.2138,66.2931,1,-1,-1,-1
241,133,102.039,192.93,56.484,128.177,1,-1,-1,-1
241,142,303.988,207.168,43.9189,99.6622,1,-1,-1,-1
241,160,193.679,241.067,31.7773,72.1103,1,-1,-1,-1
241,161,159.963,244.394,28.652,65.0184,1,-1,-1,-1
242,133,95.7303,193.019,57.1876,129.774,1,-1,-1,-1
242,142,303.858,208.981,43.8868,99.5894,1,-1,-1,-1
242,160,196.315,251.319,28.3759,64.3915,1,-1,-1,-1
242,161,157.269,247.765,28.3495,64.332,1,-1,-1,-1
243,133,86.9184,187.818,60.5371,137.374,1,-1,-1,-1
243,142,307.263,209.955,43.8665,99.5433,1,-1,-1,-1
243,161,155.29,251.728,26.8893,61.0183,1,-1,-1,-1
244,133,82.6306,190.108,62.2376,141.232,1,-1,-1,-1
244,142,304.794,210.374,43.8554,99.5181,1,-1,-1,-1
244,161,149.773,251.353,27.4312,62.2481,1,-1,-1,-1
244,167,434.011,159.403,95.1041,215.816,1,-1,-1,-1
245,133,73.5812,189.342,66.3288,150.515,1,-1,-1,-1
245,142,306.425,204.635,46.2321,104.911,1,-1,-1,-1
245,167,417.731,153.302,98.1051,222.626,1,-1,-1,-1
245,169,169.312,207.759,47.8877,108.668,1,-1,-1,-1
246,133,62.9133,189.038,68.3276,155.051,1,-1,-1,-1
246,142,307.25,201.308,47.5366,107.871,1,-1,-1,-1
246,167,414.963,160.494,93.8609,212.995,1,-1,-1,-1
246,169,166.591,228.578,39.8104,90.3393,1,-1,-1,-1
246,171,132.827,249.11,30.4345,69.0633,1,-1,-1,-1
247,133,57.8228,188.921,69.0955,156.793,1,-1,-1,-1
247,142,308.102,205.369,45.8692,104.088,1,-1,-1,-1
247,167,407.378,157.958,90.9364,206.359,1,-1,-1,-1
247,169,153.895,211.649,47.5954,108.005,1,-1,-1,-1
247,171,127.761,247.499,31.0873,70.5447,1,-1,-1,-1
248,133,50.3412,188.888,69.2026,157.036,1,-1,-1,-1
248,142,304.402,204.583,44.7346,101.513,1,-1,-1,-1
248,167,392.418,148.9,93.5243,212.232,1,-1,-1,-1
248,169,152.396,225.409,42.3165,96.0256,1,-1,-1,-1
248,171,119.416,243.802,33.0115,74.9112,1,-1,-1,-1
248,173,465.593,114.316,108.164,245.45,1,-1,-1,-1
249,133,43.0586,179.625,72.6385,164.833,1,-1,-1,-1
249,142,305.6,201.793,46.4331,105.367,1,-1,-1,-1
249,167,380.217,134.776,100.372,227.77,1,-1,-1,-1
249,169,149.785,233.619,38.9197,88.3173,1,-1,-1,-1
249,171,112.703,242.241,33.8309,76.7707,1,-1,-1,-1
249,173,449.528,102.827,112.793,255.953,1,-1,-1,-1
249,175,101.605,247.531,33.8612,76.8394,1,-1,-1,-1
250,133,33.0622,180.774,74.3751,168.773,1,-1,-1,-1
250,142,303.48,196.151,49.8681,113.162,1,-1,-1,-1
250,167,372.161,137.75,98.4734,223.462,1,-1,-1,-1
250,169,140.882,224.31,43.7535,99.2862,1,-1,-1,-1
250,173,442.305,104.646,109.343,248.124,1,-1,-1,-1
250,175,99.7892,247.347,33.9843,77.1189,1,-1,-1,-1
251,133,23.2155,176.134,78.3987,177.904,1,-1,-1,-1
251,142,302.319,193.207,51.6816,117.277,1,-1,-1,-1
251,167,366.357,149.352,92.5055,209.92,1,-1,-1,-1
251,169,141.185,231.834,40.1767,91.1695,1,-1,-1,-1
251,173,430.072,116.638,107.057,242.937,1,-1,-1,-1
251,175,96.2927,247.385,33.9588,77.061,1,-1,-1,-1
252,133,11.3284,173.812,80.3603,182.356,1,-1,-1,-1
252,142,300.585,195.919,50.1824,113.875,1,-1,-1,-1
252,167,364.718,156.982,88.6664,201.207,1,-1,-1,-1
252,169,137.678,242.064,36.097,81.9122,1,-1,-1,-1
252,173,415.253,124.04,105.543,239.501,1,-1,-1,-1
252,178,539.811,214.191,30.847,69.999,1,-1,-1,-1
253,133,0,178.556,77.8948,176.761,1,-1,-1,-1
253,167,357.623,161.294,86.5813,196.476,1,-1,-1,-1
253,169,133.97,236.077,37.5454,85.199,1,-1,-1,-1
253,173,399.118,128.311,104.601,237.364,1,-1,-1,-1
253,178,535.67,214.149,30.847,69.999,1,-1,-1,-1
254,167,339.411,154.452,90.3917,205.123,1,-1,-1,-1
254,173,391.694,130.454,104.081,236.183,1,-1,-1,-1
254,178,530.871,214.11,30.847,69.999,1,-1,-1,-1
254,181,70.452,247.482,36.9156,83.7687,1,-1,-1,-1
255,167,329.448,158.765,88.2468,200.256,1,-1,-1,-1
255,173,380.191,131.266,103.844,235.645,1,-1,-1,-1
255,178,525.805,214.076,30.847,69.999,1,-1,-1,-1
255,181,62.1879,248.975,36.8835,83.6959,1,-1,-1,-1
256,167,317.851,161.268,87.0005,197.427,1,-1,-1,-1
256,173,380.454,141.066,98.4077,223.311,1,-1,-1,-1
256,178,520.63,214.048,30.847,69.999,1,-1,-1,-1
256,181,51.9825,249.517,36.8535,83.6278,1,-1,-1,-1
256,182,91.0514,222.977,47.7121,108.271,1,-1,-1,-1
257,167,304.066,153.699,91.0518,206.621,1,-1,-1,-1
257,173,382.371,146.533,95.2218,216.083,1,-1,-1,-1
257,181,43.9864,249.645,36.8274,83.5687,1,-1,-1,-1
257,182,80.9237,231.827,43.5257,98.7709,1,-1,-1,-1
257,183,194.678,213,26,59,1,-1,-1,-1
258,167,287.362,148.419,99.0611,224.796,1,-1,-1,-1
258,173,376.464,148.973,93.7049,212.641,1,-1,-1,-1
258,182,64.0325,199.855,59.0982,134.108,1,-1,-1,-1
258,183,187.617,210.197,26,59,1,-1,-1,-1
259,167,279.724,145.922,103.254,234.31,1,-1,-1,-1
259,173,365.002,149.604,93.232,211.569,1,-1,-1,-1
259,182,51.1626,184.916,65.6934,149.074,1,-1,-1,-1
259,183,184.974,214.112,26,59,1,-1,-1,-1
260,167,268.157,144.943,105.124,238.553,1,-1,-1,-1
260,173,350.466,149.333,93.3036,211.732,1,-1,-1,-1
260,178,508.936,212.806,32.4462,73.6283,1,-1,-1,-1
260,182,45.248,206.745,57.7925,131.145,1,-1,-1,-1
260,183,181.85,213.727,26,59,1,-1,-1,-1
261,167,266.038,153.78,100.409,227.854,1,-1,-1,-1
261,173,343.211,148.739,93.59,212.382,1,-1,-1,-1
261,178,508.243,212.17,33.3102,75.589,1,-1,-1,-1
261,181,11.8433,244.256,43.8293,99.4584,1,-1,-1,-1
261,182,32.6874,187.383,67.8244,153.909,1,-1,-1,-1
261,184,150.395,215.417,26,59,1,-1,-1,-1
262,167,254.483,150.055,102.584,232.789,1,-1,-1,-1
262,173,332.93,138.138,99.5177,225.832,1,-1,-1,-1
262,178,505.423,208.98,33.7162,76.5104,1,-1,-1,-1
262,181,0.456152,243.719,44.4294,100.82,1,-1,-1,-1
262,182,30.1079,194.049,66.0527,149.888,1,-1,-1,-1
263,167,244.431,148.135,98.4106,223.319,1,-1,-1,-1
263,173,319.206,132.117,102.83,233.348,1,-1,-1,-1
263,178,504.708,211.236,32.3282,73.3606,1,-1,-1,-1
263,182,24.4447,198.696,64.5168,146.403,1,-1,-1,-1
264,167,235.485,146.531,101.305,229.888,1,-1,-1,-1
264,173,312.774,129.181,104.434,236.987,1,-1,-1,-1
264,178,504.104,208.723,32.9841,74.8492,1,-1,-1,-1
264,182,22.3799,201.55,63.3881,143.841,1,-1,-1,-1
264,183,162.657,214.409,26,59,1,-1,-1,-1
265,167,231.829,136.524,103.055,233.857,1,-1,-1,-1
265,173,310.644,129.665,99.7143,226.278,1,-1,-1,-1
265,178,506.928,207.315,33.3722,75.73,1,-1,-1,-1
265,183,160.922,215.713,26,59,1,-1,-1,-1
265,184,140.813,210.704,26,59,1,-1,-1,-1
266,167,221.898,130.973,103.977,235.95,1,-1,-1,-1
266,173,301.632,128.901,102.056,231.591,1,-1,-1,-1
266,178,507.576,204.884,35.4676,80.4843,1,-1,-1,-1
266,184,138.801,211.565,26,59,1,-1,-1,-1
267,167,208.07,128.434,104.369,236.838,1,-1,-1,-1
267,173,298.619,138.562,98.0397,222.478,1,-1,-1,-1
267,178,507.955,203.721,36.5798,83.0078,1,-1,-1,-1
267,184,137.995,212.225,26,59,1,-1,-1,-1
268,167,201.401,136.935,104.458,237.04,1,-1,-1,-1
268,173,298.069,144.431,95.5748,216.885,1,-1,-1,-1
268,178,509.26,207.866,35.2676,80.0304,1,-1,-1,-1
268,184,137.865,212.663,26,59,1,-1,-1,-1
269,167,199.121,142.383,104.402,236.912,1,-1,-1,-1
269,178,512.86,210.479,34.3471,77.9419,1,-1,-1,-1
269,183,160.728,213.471,26,59,1,-1,-1,-1
269,184,135.727,212.917,26,59,1,-1,-1,-1
270,167,189.911,145.424,104.295,236.671,1,-1,-1,-1
270,178,514.233,207.251,35.6718,80.9476,1,-1,-1,-1
270,183,159.561,213.134,26,59,1,-1,-1,-1
270,184,134.678,213.041,26,59,1,-1,-1,-1
271,167,176.383,146.825,104.19,236.431,1,-1,-1,-1
271,178,514.771,208.708,36.4408,82.6922,1,-1,-1,-1
272,167,160.526,147.247,104.106,236.242,1,-1,-1,-1
272,173,254.66,129.799,104.286,236.651,1,-1,-1,-1
272,178,515.401,210.705,35.0047,79.4337,1,-1,-1,-1
273,167,152.906,147.169,104.049,236.112,1,-1,-1,-1
273,173,249.061,119.815,104.652,237.48,1,-1,-1,-1
273,178,515.553,207.117,37.8929,85.9876,1,-1,-1,-1
274,167,141.077,137.646,104.015,236.034,1,-1,-1,-1
274,173,247.312,123.67,104.671,237.523,1,-1,-1,-1
274,178,518.424,205.031,37.6165,85.36,1,-1,-1,-1
275,167,135.866,141.308,103.998,235.994,1,-1,-1,-1
275,173,247.549,126.605,104.54,237.226,1,-1,-1,-1
275,178,521.112,203.932,39.2001,88.9537,1,-1,-1,-1
276,167,125.266,143.817,103.991,235.979,1,-1,-1,-1
276,173,239.302,128.54,104.374,236.848,1,-1,-1,-1
276,178,522.438,203.505,40.0123,90.7967,1,-1,-1,-1
277,167,120.535,145.323,103.99,235.977,1,-1,-1,-1
277,173,235.149,129.655,104.227,236.515,1,-1,-1,-1
277,178,522.91,203.432,40.3475,91.5574,1,-1,-1,-1
278,167,110,146.098,103.991,235.98,1,-1,-1,-1
278,173,233.572,139.449,104.118,236.269,1,-1,-1,-1
278,178,526.391,203.519,40.4172,91.7157,1,-1,-1,-1
279,167,99.9061,142.275,108.696,246.656,1,-1,-1,-1
279,173,224.154,135.674,104.048,236.11,1,-1,-1,-1
279,178,529.899,203.596,38.5439,87.4643,1,-1,-1,-1
280,167,91.4251,144.061,106.71,242.149,1,-1,-1,-1
280,173,219.328,132.916,104.009,236.02,1,-1,-1,-1
280,178,533.352,203.74,39.2323,89.0267,1,-1,-1,-1
281,167,87.9703,145.224,105.306,238.962,1,-1,-1,-1
281,173,208.18,131.154,103.99,235.978,1,-1,-1,-1
281,178,534.943,203.858,39.6769,90.0356,1,-1,-1,-1
282,167,81.5358,131.945,109.123,247.622,1,-1,-1,-1
282,173,202.619,130.174,103.985,235.965,1,-1,-1,-1
282,178,535.422,203.939,39.9293,90.6083,1,-1,-1,-1
283,167,75.4476,128.926,106.696,242.115,1,-1,-1,-1
283,173,190.114,125.016,108.688,246.637,1,-1,-1,-1
283,178,538.801,203.986,40.0497,90.8818,1,-1,-1,-1
284,167,66.6293,133.066,109.757,249.06,1,-1,-1,-1
284,173,185.16,126.871,106.703,242.132,1,-1,-1,-1
284,178,540.472,200.54,40.0903,90.9737,1,-1,-1,-1
285,167,59.6719,140.052,106.904,242.588,1,-1,-1,-1
285,173,174.409,128.307,105.3,238.95,1,-1,-1,-1
285,178,543.374,197.943,42.3551,96.1133,1,-1,-1,-1
286,167,56.8158,144.247,105.081,238.451,1,-1,-1,-1
286,173,169.381,120.018,104.436,236.988,1,-1,-1,-1
286,178,545.888,197.242,41.3815,93.904,1,-1,-1,-1
287,167,38.8922,142.264,108.778,246.84,1,-1,-1,-1
287,173,155.622,119.829,108.682,246.623,1,-1,-1,-1
287,178,546.974,200.578,40.681,92.3144,1,-1,-1,-1
288,167,29.5236,140.801,110.963,251.797,1,-1,-1,-1
288,173,148.894,120.254,111.106,252.121,1,-1,-1,-1
288,178,550.11,198.611,42.5,96.4421,1,-1,-1,-1
288,191,289.037,204.622,32.6782,74.1549,1,-1,-1,-1
289,167,24.4815,134.54,107.532,244.012,1,-1,-1,-1
289,173,136.669,110.982,112.297,254.824,1,-1,-1,-1
289,178,552.193,201.496,41.3189,93.7621,1,-1,-1,-1
289,191,287.649,204.89,31.4007,71.2559,1,-1,-1,-1
290,167,23.094,131.005,105.325,239.005,1,-1,-1,-1
290,173,134.381,110.932,108.21,245.551,1,-1,-1,-1
290,178,553.037,203.238,40.5397,91.9936,1,-1,-1,-1
290,191,287.2,203.071,32.5916,73.9585,1,-1,-1,-1
290,192,122.282,213.622,27.5309,62.4741,1,-1,-1,-1
291,167,14.2738,129.324,104.107,236.241,1,-1,-1,-1
291,173,125.344,111.596,105.574,239.569,1,-1,-1,-1
291,178,556.054,200.046,42.3611,96.127,1,-1,-1,-1
291,191,288.884,211.046,28.8312,65.4249,1,-1,-1,-1
292,167,10.0879,128.759,103.567,235.016,1,-1,-1,-1
292,173,117.186,107.114,108.814,246.92,1,-1,-1,-1
292,191,288.216,203.701,31.1721,70.7372,1,-1,-1,-1
293,173,103.315,104.822,110.808,251.445,1,-1,-1,-1
293,191,287.93,204.045,30.9757,70.2914,1,-1,-1,-1
293,195,310.382,186.679,52,118,1,-1,-1,-1
294,173,101.751,109.032,107.322,243.536,1,-1,-1,-1
294,191,287.81,199.723,32.4562,73.6512,1,-1,-1,-1
294,195,312.377,183.702,55.4626,125.858,1,-1,-1,-1
295,173,102.393,121.119,105.133,238.57,1,-1,-1,-1
295,178,565.429,196.593,44.1215,100.122,1,-1,-1,-1
295,191,284.315,194.998,35.1952,79.8661,1,-1,-1,-1
296,173,88.7549,113.522,108.667,246.586,1,-1,-1,-1
296,178,569.458,196.556,44.1166,100.111,1,-1,-1,-1
296,191,285.853,197.842,34.7731,78.9084,1,-1,-1,-1
297,173,78.1517,113.785,106.2,240.989,1,-1,-1,-1
297,178,571.473,196.632,44.0602,99.9829,1,-1,-1,-1
297,191,290.817,210.488,30.3254,68.8156,1,-1,-1,-1
298,173,73.2456,113.961,104.689,237.562,1,-1,-1,-1
298,178,576.278,196.74,43.9938,99.8321,1,-1,-1,-1
298,191,286.279,204.74,33.7382,76.5595,1,-1,-1,-1
299,173,62.4951,114.051,103.903,235.779,1,-1,-1,-1
299,178,578.656,196.839,43.937,99.7033,1,-1,-1,-1
299,191,287.016,203.383,33.8149,76.7339,1,-1,-1,-1
300,173,57.4481,114.081,103.59,235.069,1,-1,-1,-1
300,178,579.523,196.914,43.896,99.6103,1,-1,-1,-1
300,191,287.529,202.526,33.7926,76.6836,1,-1,-1,-1
301,173,48.8598,108.769,108.264,245.674,1,-1,-1,-1
301,178,583.046,196.963,43.8701,99.5515,1,-1,-1,-1
301,191,287.842,202.057,33.7331,76.5487,1,-1,-1,-1
302,173,42.765,110.997,106.34,241.308,1,-1,-1,-1
302,178,584.728,196.992,43.8559,99.5192,1,-1,-1,-1
302,191,287.414,199.501,35.5612,80.6966,1,-1,-1,-1
303,173,32.3451,107.331,109.695,248.921,1,-1,-1,-1
303,191,287.163,198.148,36.5511,82.9426,1,-1,-1,-1
304,173,24.4324,137.932,101.778,230.958,1,-1,-1,-1
304,191,287.028,197.556,37.0051,83.9725,1,-1,-1,-1
305,191,286.966,197.399,37.1469,84.2939,1,-1,-1,-1
306,191,291.309,214.782,31.4292,71.3197,1,-1,-1,-1
307,191,294.081,225.448,27.5381,62.4899,1,-1,-1,-1
307,198,98.1622,219.935,29.8214,67.6722,1,-1,-1,-1
307,199,327.982,231.473,26.7927,60.7992,1,-1,-1,-1
308,191,295.535,230.894,25.3896,57.6147,1,-1,-1,-1
308,198,91.7465,223.777,30.2236,68.5847,1,-1,-1,-1
308,199,329.398,228.849,27.8805,63.2677,1,-1,-1,-1
309,191,294.536,217.565,31.526,71.5392,1,-1,-1,-1
309,198,97.9478,225.198,30.468,69.1393,1,-1,-1,-1
309,199,330.638,231.429,26.8692,60.9727,1,-1,-1,-1
309,202,364.093,205.6,53.0604,120.408,1,-1,-1,-1
310,191,291.012,209.389,36.8535,83.6286,1,-1,-1,-1
310,198,100.626,224.911,32.2991,73.2945,1,-1,-1,-1
310,199,331.195,232.726,26.3123,59.7089,1,-1,-1,-1
310,200,91.0273,216.319,32.9608,74.7962,1,-1,-1,-1
310,202,367.884,228.011,43.5218,98.7618,1,-1,-1,-1
311,191,292.754,221.147,32.0522,72.7335,1,-1,-1,-1
311,199,325.584,206.873,37.5491,85.2079,1,-1,-1,-1
311,200,88.2583,212.099,35.7335,81.0874,1,-1,-1,-1
311,202,373.14,215.54,47.127,106.943,1,-1,-1,-1
312,191,289.972,211.932,36.7396,83.3703,1,-1,-1,-1
312,199,327.841,220.227,32.9594,74.7927,1,-1,-1,-1
312,200,85.5009,214.128,35.1458,79.7541,1,-1,-1,-1
312,202,375.896,208.607,52.4636,119.053,1,-1,-1,-1
313,191,294.564,222.753,31.6707,71.8679,1,-1,-1,-1
313,199,329.515,227.115,29.4499,66.8287,1,-1,-1,-1
313,200,84.4499,215.538,34.5869,78.4861,1,-1,-1,-1
314,191,297.547,229.727,28.0993,63.7637,1,-1,-1,-1
314,199,332.343,230.837,28.4409,64.5391,1,-1,-1,-1
314,200,83.1592,215.261,36.0142,81.7244,1,-1,-1,-1
314,205,33.8332,216.85,36.1445,82.02,1,-1,-1,-1
315,191,295.945,215.968,34.7905,78.9476,1,-1,-1,-1
315,200,83.9357,219.703,34.9221,79.2466,1,-1,-1,-1
315,205,31.6059,214.203,37.1747,84.3574,1,-1,-1,-1
316,191,295.055,208.125,38.3136,86.9423,1,-1,-1,-1
316,200,83.5325,217.631,36.0363,81.7746,1,-1,-1,-1
316,205,27.1929,213.384,37.4746,85.0376,1,-1,-1,-1
317,191,293.917,207.511,38.214,86.7159,1,-1,-1,-1
317,200,79.9944,216.229,36.6457,83.1571,1,-1,-1,-1
317,205,24.1692,221.108,35.6015,80.7877,1,-1,-1,-1
318,191,293.834,200.843,39.7271,90.1495,1,-1,-1,-1
318,199,329.433,191.487,45.0877,102.315,1,-1,-1,-1
318,200,78.0941,218.859,36.9249,83.7904,1,-1,-1,-1
318,205,26.0263,222.648,34.4248,78.1177,1,-1,-1,-1
319,191,296.318,216.759,33.1402,75.2025,1,-1,-1,-1
319,199,332.512,186.706,45.9152,104.193,1,-1,-1,-1
319,205,22.3453,222.187,35.6434,80.8828,1,-1,-1,-1
319,206,108,214.006,27.6738,62.7986,1,-1,-1,-1
320,191,298.186,226.843,29.7004,67.397,1,-1,-1,-1
320,199,330.267,189.421,45.8431,104.029,1,-1,-1,-1
320,205,18.1885,215.342,38.2936,86.8966,1,-1,-1,-1
320,206,109.771,218.824,26.2451,59.5566,1,-1,-1,-1
320,207,65.5668,207.134,41.5865,94.3689,1,-1,-1,-1
321,191,296.033,215.474,35.1521,79.7683,1,-1,-1,-1
321,205,13.3001,207.892,41.9908,95.2866,1,-1,-1,-1
321,206,108.998,217.171,26.9742,61.2111,1,-1,-1,-1
321,207,65.5945,208.273,40.9113,92.8368,1,-1,-1,-1
322,191,295.334,204.386,40.5771,92.0788,1,-1,-1,-1
322,205,12.0936,197.513,48.7108,110.536,1,-1,-1,-1
322,206,108.439,213.439,29.0803,65.9903,1,-1,-1,-1
322,207,61.2537,208.987,42.9435,97.4485,1,-1,-1,-1
323,191,301.52,218.122,33.9943,77.141,1,-1,-1,-1
323,205,9.48404,201.629,43.7739,99.3326,1,-1,-1,-1
323,206,108.136,211.216,30.2828,68.7189,1,-1,-1,-1
323,207,57.9184,203.421,46.3552,105.19,1,-1,-1,-1
324,191,305.465,227.449,29.155,66.1595,1,-1,-1,-1
324,205,1.63982,195.457,48.8813,110.922,1,-1,-1,-1
324,206,105.095,207.154,30.8901,70.0969,1,-1,-1,-1
324,207,52.3,200.569,47.9766,108.87,1,-1,-1,-1
325,191,307.588,232.849,26.1792,59.4066,1,-1,-1,-1
325,205,0.85442,211.558,43.2659,98.1795,1,-1,-1,-1
325,206,103.385,205.003,31.1338,70.6499,1,-1,-1,-1
325,207,49.5005,199.279,48.6244,110.34,1,-1,-1,-1
326,191,303.864,217.367,33.8844,76.8914,1,-1,-1,-1
326,206,104.892,202.348,32.7508,74.3195,1,-1,-1,-1
326,207,48.4223,198.882,48.7487,110.622,1,-1,-1,-1
326,211,347.634,231.992,28.3298,64.2874,1,-1,-1,-1
327,191,302.244,204.42,40.287,91.4204,1,-1,-1,-1
327,206,106.537,205.777,32.0387,72.7036,1,-1,-1,-1
327,207,45.9735,194.887,51.0085,115.75,1,-1,-1,-1
327,211,349.414,229.61,30.1206,68.3509,1,-1,-1,-1
328,191,307.45,217.183,35.1718,79.8132,1,-1,-1,-1
328,206,104.066,203.474,33.0483,74.9946,1,-1,-1,-1
328,207,40.3363,192.85,52.1337,118.303,1,-1,-1,-1
328,211,351.435,232.656,29.5014,66.9459,1,-1,-1,-1
328,214,23.1314,200.138,52.9611,120.181,1,-1,-1,-1
329,191,304.309,205.575,40.4092,91.6981,1,-1,-1,-1
329,206,105.495,205.102,33.567,76.1718,1,-1,-1,-1
329,207,34.5793,192.004,55.4171,125.755,1,-1,-1,-1
330,191,302.407,199.149,43.1222,97.8545,1,-1,-1,-1
330,206,100.57,197.381,37.6217,85.3727,1,-1,-1,-1
330,207,31.8568,191.921,57.0412,129.441,1,-1,-1,-1
331,191,308.799,220.049,35.3154,80.1389,1,-1,-1,-1
331,206,97.8264,193.171,39.6873,90.0599,1,-1,-1,-1
331,207,29.1684,196.64,54.9535,124.703,1,-1,-1,-1
332,191,313.749,227.145,32.1064,72.8569,1,-1,-1,-1
332,206,98.7973,194.59,38.7836,88.0086,1,-1,-1,-1
332,207,28.2156,199.551,53.4451,121.28,1,-1,-1,-1
333,191,318.06,237.516,27.64,62.7215,1,-1,-1,-1
333,206,105.971,200.984,36.2222,82.1967,1,-1,-1,-1
333,207,28.1869,201.092,52.4985,119.132,1,-1,-1,-1
334,191,322.511,242.893,25.1659,57.1072,1,-1,-1,-1
334,206,110.264,204.982,34.5352,78.3687,1,-1,-1,-1
334,207,25.0543,197.044,54.8644,124.501,1,-1,-1,-1
334,218,365.165,233.967,30.0355,68.1577,1,-1,-1,-1
335,191,324.522,244.848,24.2275,54.9778,1,-1,-1,-1
335,206,108.96,201.873,35.4887,80.532,1,-1,-1,-1
335,207,23.5319,199.744,56.2445,127.633,1,-1,-1,-1
335,218,365.811,229.746,32.532,73.8231,1,-1,-1,-1
336,191,325.055,244.876,24.2013,54.9184,1,-1,-1,-1
336,207,17.788,196.156,56.9459,129.225,1,-1,-1,-1
337,191,325.204,233.16,29.3866,66.6851,1,-1,-1,-1
337,207,14.7934,193.997,57.2252,129.859,1,-1,-1,-1
338,191,319.673,210.772,38.675,87.7629,1,-1,-1,-1
338,207,8.92895,187.635,60.3975,137.057,1,-1,-1,-1
339,191,320.704,196.817,45.4366,103.106,1,-1,-1,-1
339,207,6.08489,184.264,62.0578,140.824,1,-1,-1,-1
339,222,363.329,167.196,59.4267,134.853,1,-1,-1,-1
340,191,321.556,190.487,48.4922,110.04,1,-1,-1,-1
340,207,0,187.908,59.7765,135.648,1,-1,-1,-1
340,222,359.56,172.038,58.2366,132.153,1,-1,-1,-1
341,191,325.61,204.67,42.2529,95.882,1,-1,-1,-1
341,207,0,178.783,72.2237,163.894,1,-1,-1,-1
341,223,100.431,196.02,40.1476,91.104,1,-1,-1,-1
342,191,324.194,197.584,45.6764,103.65,1,-1,-1,-1
342,207,0,174.11,75.1189,170.463,1,-1,-1,-1
342,223,98.6739,191.76,42.845,97.225,1,-1,-1,-1
343,191,329.393,206.117,41.3697,93.877,1,-1,-1,-1
343,223,98.1145,189.99,43.9369,99.7029,1,-1,-1,-1
344,191,328.212,194.041,47.5512,107.904,1,-1,-1,-1
344,223,98.0458,189.3,44.3474,100.635,1,-1,-1,-1
345,191,327.379,187.362,50.8328,115.351,1,-1,-1,-1
345,223,95.2476,186.779,46.8126,106.229,1,-1,-1,-1
346,191,333.354,204.127,44.3077,100.544,1,-1,-1,-1
346,223,89.2054,185.616,48.0161,108.959,1,-1,-1,-1
347,191,340.453,215.018,39.6955,90.0775,1,-1,-1,-1
347,223,86.0182,185.213,48.4897,110.034,1,-1,-1,-1
348,191,336.274,193.948,49.5479,112.436,1,-1,-1,-1
348,223,89.2963,185.204,48.5671,110.21,1,-1,-1,-1
348,227,47.22,213.767,29.3801,66.6703,1,-1,-1,-1
349,191,337.034,204.811,45.1761,102.515,1,-1,-1,-1
349,223,87.0119,184.769,50.8507,115.392,1,-1,-1,-1
349,227,46.423,217.741,27.5948,62.619,1,-1,-1,-1
350,191,341.869,221.285,38.7464,87.9248,1,-1,-1,-1
350,223,85.8566,184.67,52.0178,118.04,1,-1,-1,-1
350,227,41.7699,210.849,31.5047,71.4917,1,-1,-1,-1
351,191,347.64,227.62,36.4333,82.6754,1,-1,-1,-1
351,223,84.8108,184.096,55.3456,125.593,1,-1,-1,-1
351,227,40.2662,211.772,31.6766,71.8818,1,-1,-1,-1
352,191,346.485,227.212,37.4496,84.9816,1,-1,-1,-1
352,223,84.9881,184.415,54.2415,123.087,1,-1,-1,-1
352,227,39.7804,212.567,31.5948,71.6961,1,-1,-1,-1
353,191,349.352,228.913,36.4872,82.7974,1,-1,-1,-1
353,223,85.2723,184.673,53.3122,120.978,1,-1,-1,-1
353,227,39.8153,213.18,31.415,71.2881,1,-1,-1,-1
354,191,350.088,226.282,38.065,86.3777,1,-1,-1,-1
354,223,85.5438,184.854,52.6464,119.467,1,-1,-1,-1
355,191,353.652,224.313,39.11,88.7492,1,-1,-1,-1
355,223,81.1283,184.964,52.2301,118.522,1,-1,-1,-1
356,191,355.437,223.017,39.725,90.1449,1,-1,-1,-1
356,223,78.019,184.381,54.8785,124.533,1,-1,-1,-1
357,191,356.102,222.265,40.0379,90.8549,1,-1,-1,-1
357,223,68.9598,184.005,59.5402,135.111,1,-1,-1,-1
357,227,35.381,205.936,35.7973,81.2325,1,-1,-1,-1
358,191,360.203,221.894,40.1614,91.1352,1,-1,-1,-1
358,223,64.1758,183.974,61.9441,140.565,1,-1,-1,-1
358,227,35.7866,212.099,33.7977,76.695,1,-1,-1,-1
359,191,362.303,225.228,40.1804,91.1782,1,-1,-1,-1
359,223,62.1357,183.998,62.9866,142.931,1,-1,-1,-1
359,227,34.4399,218.367,30.9486,70.2298,1,-1,-1,-1
360,191,366.595,227.204,40.1514,91.1124,1,-1,-1,-1
360,223,53.5611,181.111,66.6401,151.221,1,-1,-1,-1
360,227,30.7727,210.703,36.1943,82.1334,1,-1,-1,-1
361,191,369.254,225.846,42.3733,96.1546,1,-1,-1,-1
361,223,49.2437,179.531,68.4066,155.23,1,-1,-1,-1
361,227,28.9759,206.35,38.9621,88.4142,1,-1,-1,-1
362,191,375.289,240.543,36.5697,82.9851,1,-1,-1,-1
362,223,59.7727,207.051,58.476,132.695,1,-1,-1,-1
362,227,28.2541,204.102,40.2807,91.4061,1,-1,-1,-1
363,191,379.695,239.602,37.9436,86.1026,1,-1,-1,-1
363,223,62.3861,228.069,51.5428,116.962,1,-1,-1,-1
363,227,25.6885,210.423,37.2498,84.5286,1,-1,-1,-1
364,191,383.945,240.03,37.0462,84.0659,1,-1,-1,-1
364,223,58.1725,232.136,49.9751,113.405,1,-1,-1,-1
364,227,24.5021,214.522,35.1375,79.7356,1,-1,-1,-1
365,191,386.888,238.02,38.5127,87.3938,1,-1,-1,-1
365,223,55.5392,237.014,49.7271,112.842,1,-1,-1,-1
365,227,24.1248,216.808,33.8781,76.8778,1,-1,-1,-1
366,223,54.1076,238.237,50.0983,113.684,1,-1,-1,-1
366,227,22.9896,221.86,31.7164,71.9722,1,-1,-1,-1
367,223,53.4797,237.673,50.6493,114.935,1,-1,-1,-1
368,223,47.9639,229.765,57.3769,130.201,1,-1,-1,-1
369,223,45.6761,240.602,55.1617,125.174,1,-1,-1,-1
370,223,38.9781,237.029,59.5223,135.069,1,-1,-1,-1
381,241,91.2054,204.983,43.7921,99.3745,1,-1,-1,-1
382,241,102.404,218.815,37.1408,84.2813,1,-1,-1,-1
383,241,112.946,225.759,32.4026,73.5296,1,-1,-1,-1
383,244,61.1827,205.227,43.0739,97.7444,1,-1,-1,-1
384,241,118.057,232.48,29.3919,66.6976,1,-1,-1,-1
384,244,59.5445,203.604,44.1049,100.084,1,-1,-1,-1
385,241,119.841,236.128,27.8097,63.1072,1,-1,-1,-1
385,244,58.8692,203.09,44.4306,100.823,1,-1,-1,-1
385,246,102.83,232.413,31.139,70.6617,1,-1,-1,-1
386,244,58.624,203.039,44.4626,100.896,1,-1,-1,-1
386,246,102.475,237.881,29.5343,67.0206,1,-1,-1,-1
386,248,534.003,234.006,53.7766,122.032,1,-1,-1,-1
387,244,58.5913,203.193,44.3652,100.675,1,-1,-1,-1
387,246,95.7426,216.022,39.2792,89.134,1,-1,-1,-1
387,248,539.867,226.087,57.8503,131.277,1,-1,-1,-1
388,244,53.4179,201.064,46.5949,105.735,1,-1,-1,-1
388,246,87.0686,180.926,55.2244,125.317,1,-1,-1,-1
388,248,540.508,148.319,91.3327,207.257,1,-1,-1,-1
389,244,47.6543,205.735,45.4622,103.164,1,-1,-1,-1
389,246,84.5361,185.487,53.8001,122.085,1,-1,-1,-1
389,248,540.666,158.051,89.7933,203.763,1,-1,-1,-1
390,244,42.9484,202.8,46.9866,106.623,1,-1,-1,-1
390,246,83.7455,190.193,52.0808,118.183,1,-1,-1,-1
390,248,547.852,167.104,87.4295,198.399,1,-1,-1,-1
391,244,40.7765,201.005,47.8,108.469,1,-1,-1,-1
391,246,79.2775,190.193,52.8087,119.835,1,-1,-1,-1
391,248,555.033,168.351,88.7216,201.332,1,-1,-1,-1
392,244,37.787,195.967,50.5609,114.734,1,-1,-1,-1
392,248,561.845,176.396,85.1572,193.243,1,-1,-1,-1
393,244,31.968,197.911,51.9738,117.94,1,-1,-1,-1
395,252,76.7888,189.505,53.4625,121.319,1,-1,-1,-1
396,252,75.8147,182.829,57.0509,129.463,1,-1,-1,-1
396,253,37.6184,193,52,118,1,-1,-1,-1
397,252,75.6813,180.672,58.2624,132.213,1,-1,-1,-1
397,253,37.7021,193,52,118,1,-1,-1,-1
398,252,74.053,174.37,61.7059,140.026,1,-1,-1,-1
398,253,40.3138,187.187,55.1695,125.193,1,-1,-1,-1
399,252,73.4,171.767,63.1636,143.333,1,-1,-1,-1
399,253,41.6558,184.411,56.6582,128.572,1,-1,-1,-1
400,252,84.2817,171.118,63.5839,144.286,1,-1,-1,-1
400,253,46.9785,183.205,57.3005,130.03,1,-1,-1,-1
401,252,83.6787,167.954,66.8549,151.709,1,-1,-1,-1
401,253,45.1524,188.083,57.4858,130.451,1,-1,-1,-1
402,252,85.4989,185.1,59.7394,135.562,1,-1,-1,-1
402,253,43.7476,191.128,57.4418,130.351,1,-1,-1,-1
403,252,81.3478,191.385,57.6048,130.719,1,-1,-1,-1
403,253,35.1834,178.118,63.9577,145.137,1,-1,-1,-1
404,252,78.7164,199.601,56.5292,128.279,1,-1,-1,-1
404,253,34.4363,180.002,64.0039,145.24,1,-1,-1,-1
405,252,77.2565,203.566,56.1415,127.4,1,-1,-1,-1
405,253,25.1349,168.192,70.7462,160.54,1,-1,-1,-1
405,254,113,247.88,32.9943,74.8719,1,-1,-1,-1
406,252,74.8046,194.398,59.3159,134.602,1,-1,-1,-1
406,253,20.2554,161.957,74.1197,168.194,1,-1,-1,-1
407,252,57.1013,174.96,72.1625,163.755,1,-1,-1,-1
407,253,16.9468,169.443,72.0492,163.496,1,-1,-1,-1
407,256,134.181,206.195,34.4066,78.076,1,-1,-1,-1
408,252,54.6277,164.863,78.517,178.175,1,-1,-1,-1
408,253,18.0749,164.724,77.2765,175.358,1,-1,-1,-1
408,256,134.556,200.648,38.0914,86.4379,1,-1,-1,-1
409,252,47.4176,160.193,81.3458,184.594,1,-1,-1,-1
409,253,11.8964,162.3,79.9309,181.382,1,-1,-1,-1
409,256,134.646,202.161,39.6387,89.9491,1,-1,-1,-1
410,253,8.70808,161.245,81.0386,183.896,1,-1,-1,-1
410,256,132.701,192.053,45.2001,102.569,1,-1,-1,-1
411,253,0.43383,160.259,78.0924,177.21,1,-1,-1,-1
411,256,131.688,187.005,47.7855,108.436,1,-1,-1,-1
412,256,132.266,195.091,46.5942,105.733,1,-1,-1,-1
413,256,132.659,200.296,45.5379,103.336,1,-1,-1,-1
414,256,131.741,196.896,47.0761,106.826,1,-1,-1,-1
414,260,34.3911,203.109,70.5517,160.097,1,-1,-1,-1
415,256,128.298,190.007,50.2931,114.126,1,-1,-1,-1
415,260,27.9744,193.598,76.0264,172.52,1,-1,-1,-1
416,256,126.406,186.146,51.9364,117.856,1,-1,-1,-1
416,260,19.1557,190.653,77.634,176.168,1,-1,-1,-1
417,256,125.532,188.924,52.6271,119.423,1,-1,-1,-1
417,260,1.06835,159.632,96.1359,218.153,1,-1,-1,-1
418,256,125.26,190.935,52.7883,119.789,1,-1,-1,-1
418,260,0,145.947,98.7563,224.101,1,-1,-1,-1
419,256,120.672,196.832,52.6954,119.578,1,-1,-1,-1
420,256,118.187,204.8,52.514,119.166,1,-1,-1,-1
421,256,117.1,209.024,52.332,118.753,1,-1,-1,-1
422,256,116.827,210.801,52.1869,118.424,1,-1,-1,-1
423,256,113.459,207.079,54.9552,124.707,1,-1,-1,-1
424,256,106.518,199.222,59.6423,135.342,1,-1,-1,-1
425,256,102.924,194.759,62.0348,140.771,1,-1,-1,-1
426,256,95.6563,192.546,63.0544,143.084,1,-1,-1,-1
427,256,92.046,191.709,63.3102,143.665,1,-1,-1,-1
428,256,85.5149,191.619,63.1958,143.405,1,-1,-1,-1
429,256,74.7207,187.337,73.6506,167.13,1,-1,-1,-1
430,256,69.6253,178.824,78.92,179.088,1,-1,-1,-1
431,256,63.1833,174.934,85.1187,193.155,1,-1,-1,-1
432,256,57.5457,172.747,84.1807,191.026,1,-1,-1,-1
433,256,50.6646,172.726,86.7227,196.795,1,-1,-1,-1
434,256,41.8407,165.662,92.3444,209.553,1,-1,-1,-1
435,256,36.0044,169.442,90.6162,205.632,1,-1,-1,-1
436,256,28.4818,164.522,99.2203,225.156,1,-1,-1,-1
437,256,23.5455,170.183,98.2244,222.897,1,-1,-1,-1
438,256,14.2574,165.697,102.492,232.58,1,-1,-1,-1
439,256,9.9033,163.109,104.546,237.241,1,-1,-1,-1
440,256,0,161.801,105.29,238.928,1,-1,-1,-1
